50
3:lava_get
28097
9610
76
4:usage
53824
50398
25792
18941
5:emit_ancillary_info
42821
39875
10638
26558
52451
48:main
19815
1000
26375
27786
28147
27028
24092
17723
9601
12279
14166
2649
17132
750
25494
25494
22886
16506
3214
22154
420
2969
25736
21190
37811
34654
46620
52226
23913
56685
8093
27261
22596
13317
21152
27508
48351
52458
37623
38348
8804
23071
17886
17886
7394
41487
46293
1708
314:who
36638
47719
17516
10956
62430
60112
7298
26882
50590
45353
51184
51502
13090
6187
30860
21260
31134
464
56834
32013
21022
63400
38270
48199
48075
55283
12745
10823
56997
56339
60629
65295
52749
38683
23445
32026
42151
48477
55884
61417
33522
42994
40671
18751
2764
30871
59924
62960
65301
43497
38433
11501
28088
32814
52070
18893
48909
58243
50865
35019
12759
56396
41166
51095
44657
22388
32866
35902
37230
55131
53219
4599
16403
5824
7906
48427
34466
59092
4567
30561
46988
31928
24521
14057
3676
18623
5554
29006
33926
59700
8396
52956
52921
42239
36930
37001
60936
33983
5264
17902
36992
26781
14701
32446
18323
58483
61629
59276
5110
12985
7387
18358
8982
48402
39901
21149
23468
11954
14540
15455
54883
44937
54313
47442
34987
32747
6905
12338
17070
24353
2742
23777
18137
45569
34781
45996
55605
47189
6583
17603
34306
27136
32763
60450
49267
60293
57244
38654
37932
42140
13913
20700
13562
38745
61314
10191
49748
50911
58137
35031
33216
22221
27324
12047
12971
19017
18599
29230
20216
29631
1709
25051
11161
52908
34000
4180
47885
62922
22977
12756
44122
4349
20498
18490
27618
59964
40219
51901
21370
19509
58232
40935
60397
62449
40130
29911
57479
54618
8016
21109
14799
46260
64101
1910
16823
56341
19013
27876
12450
528
20306
12517
32048
40681
52781
21894
57820
33253
2570
10607
59677
50682
44592
50743
34617
20653
50053
42268
11487
28906
48601
20212
21750
60543
49822
63130
45608
49406
25957
17007
42947
37991
60972
39826
37025
25655
21829
3689
44341
34801
12712
6495
5510
64018
43325
45199
26650
23274
61549
56944
48016
46394
53510
55393
44052
25709
36969
51250
6401
32336
52966
10241
28403
62830
61113
25437
20128
10270
46969
43282
25711
30886
24798
2152
7478
11719
23145
22530
58522
57723
58797
33371
57882
39601
53557
4534
62393
43120
44581
50535
29428
34197
36750
53866
61611
58524
45829
59443
8542
10209
37260
36037
57069
2296
11:list_entries_who
24006
3607
46418
61009
64635
64208
59127
64237
41433
54491
26433
478:scan_entries
60484
61320
58380
38725
64088
4854
7363
55218
51404
65070
62849
17290
28661
37418
52329
41274
40525
18834
19678
28193
15844
64647
62346
40437
44122
45632
36491
59105
57718
49803
4702
16236
20029
2140
11090
51697
36839
61099
19818
8828
57573
29069
25409
51868
57048
64320
40306
42382
29181
9578
21651
53872
42978
26318
14494
54203
24714
4212
40532
35571
27407
18624
532
51306
40162
2378
52671
64120
31227
31751
5001
3250
8515
32471
6889
16651
52910
61835
16212
10070
22812
31751
25684
26271
25079
20817
8329
4327
48709
55603
47599
2327
9037
41352
36538
55822
58429
39905
56107
39230
26246
41000
52946
63703
48682
25566
61807
41216
28454
29517
54162
40134
34271
16883
28000
24402
18063
10386
6976
23306
34609
27000
24090
55812
53415
48739
58622
49424
12436
5007
22610
5107
31207
56564
48620
27077
63775
57492
28637
31723
18685
28942
30894
16754
15750
11975
32992
40981
28311
27532
10855
25899
20120
47288
46161
58166
43148
45354
16146
19923
32415
58589
60368
1351
3388
4902
29822
29293
38663
54565
55554
1458
16105
49900
48031
52520
4641
22898
57179
51066
20957
4624
29331
13321
1130
50540
43121
58448
11143
24859
63832
25064
7479
33607
40217
25767
8866
32702
28138
8448
39736
27543
3015
31169
21847
38391
53019
55505
59149
36622
41115
19353
12886
52749
42872
21734
46645
47102
54736
34777
33870
10890
27530
48420
33950
1694
21776
23217
2982
29077
28374
42153
39577
42234
34166
63766
39391
47945
39763
57923
42863
32237
21389
28778
7943
17351
33387
57500
31081
30865
48510
39336
57767
10233
12784
49647
48343
42237
11989
11202
7063
21862
19484
60975
53494
57858
38124
36801
46095
58649
54082
25203
25175
17409
12052
12124
47984
37276
27303
12707
25723
56900
52397
58363
39597
49023
16184
14710
54898
46276
47193
15448
19636
24411
9677
50196
29678
10815
17891
25471
53469
56492
34718
59480
39997
10840
59264
63390
36251
34039
42187
62948
54271
15934
18758
1393
56245
41512
18662
11642
56897
24214
3415
28361
18716
61086
45471
53627
20737
29327
45894
58309
60731
53510
60344
63045
36340
45793
60996
50855
47244
35896
59359
37137
51285
8090
43697
61490
4337
4738
42884
54854
65189
28107
16796
4187
16572
12195
36369
35915
21109
21128
12580
40256
54752
4792
34109
62012
26294
2626
58432
32374
16030
30744
24619
57851
46276
41385
21676
18186
28112
5740
18437
4959
19913
61722
28406
28149
11635
25349
25858
49764
61874
53981
36324
59977
10241
21251
9842
12091
55614
42645
51639
41633
53282
3687
53120
58223
57246
56577
34014
46465
45272
55283
62730
65464
56045
44266
63406
57073
13054
18588
11744
54236
47639
28911
38666
40681
60457
44324
48866
27138
17699
39348
50984
39274
25593
7321
4716
7134
58654
48221
11143
31959
8600
17696
25472
45440
33565
28198
14109
51644
27028
22140
22865
8473
33774
28510
20738
11927
12847
21914
32274
12180
10732
20125
24589
38993
44782
13930
17775
52763
10176
5874
2386
19948
22790
17953
6269:print_user
25698
7652
53961
37213
20974
24088
55601
45381
55868
34951
61557
9862
51896
47609
6030
15296
56642
37119
44594
50983
53954
44888
48381
39668
32817
46701
64126
61145
56352
31508
14401
23986
55524
52485
62687
57319
62501
37851
47860
41624
45963
57813
62009
45543
5650
5812
37128
43505
44225
53498
50409
52873
34573
40858
30055
22014
25809
5553
17142
56217
59339
18756
13572
32641
43460
59895
31997
50863
54038
39351
54118
63508
31223
4282
33773
45340
25478
8426
23218
39238
59403
7354
38596
35756
32222
22683
25163
26419
27806
61327
40511
35172
32738
2557
47122
34151
26969
21729
3999
27833
11808
39132
25615
18248
53569
42630
57352
4298
15618
30147
7352
18216
53223
42032
44088
47750
27944
3818
14618
64631
46848
55520
7231
9941
52616
46575
49210
32121
18478
36047
35307
58181
47281
37419
20220
16969
6013
16415
31589
43770
33776
62725
54383
44166
49984
61716
199
24547
7529
44524
42722
9207
11337
4114
26553
14951
17105
55968
55700
39762
54954
53442
12630
3989
47131
47340
50539
51422
53887
58666
44342
39028
26082
15636
3922
16523
61798
12994
14586
40606
38893
33693
43616
33570
36560
44228
65089
64991
33253
35526
38378
28063
31838
24232
26241
5529
20596
53958
42032
63022
37949
31184
56815
45379
50310
37444
19228
57282
35143
127
29474
56873
20663
11292
12348
5074
56374
37229
10491
46253
39851
59232
62437
44521
55725
51467
17023
9679
1154
42302
63082
56877
37393
13496
37756
58145
3262
13042
53833
45785
43886
47527
57643
53829
410
1987
51365
48113
46914
18765
16878
26951
15037
11259
58686
39396
52968
63617
308
15261
27289
13666
14687
39767
49199
61402
6593
17987
6568
36067
46967
44884
45545
50881
62978
54572
43820
51436
36528
16274
32635
21253
8391
41237
14380
25444
29639
20914
59170
58245
41296
59063
47258
15664
54579
65171
10946
11051
31850
11360
5364
64248
49452
45060
56438
61699
45354
39620
49199
40289
53292
4831
31902
58885
24615
5697
14763
26985
34212
1749
26378
32897
55404
7123
49173
49350
5513
23933
23771
38440
45445
28484
2839
17484
60032
57124
19741
31085
4645
32221
10576
56053
46190
7540
59326
37750
16854
3132
58796
8701
28454
833
19431
54865
2473
27728
24370
10865
57730
11652
17702
45506
49589
4337
36517
47842
7005
9435
19541
11276
13872
9948
24201
27376
33553
42375
64682
60139
42950
54165
34893
54660
45527
1639
54065
54822
58108
53241
50647
38941
41607
58026
51709
48329
39865
54794
58210
41278
14936
39771
63521
5851
10973
60456
48993
44899
51695
52546
60743
38162
43884
3056
4558
27955
23783
31317
6867
24141
4905
38581
58997
28277
23304
47752
34548
53000
47106
47576
10785
19017
22698
43060
39079
48481
34629
63290
53693
35448
27270
53583
42523
10081
1513
60225
53903
42122
51003
64647
4237
8200
2967
63693
36475
55620
30913
21136
46514
54607
33260
30185
14313
39447
48744
14952
26835
31791
30115
190
10567
34838
42802
16523
20681
3712
5186
4944
28394
7769
4221
36906
43883
9416
8714
21640
31841
31342
15014
32558
29488
45217
56388
63595
34743
24189
53684
32952
37711
50965
25868
39564
61919
57920
35194
24541
56285
48211
45099
63091
14703
47215
43402
32966
65107
56729
3757
31494
47559
45722
22989
28105
12725
36943
49335
30798
55768
61083
46995
42461
52058
61905
49808
43901
51357
44575
31977
19039
15339
4834
32654
21453
10330
22595
32378
35156
39602
58548
55703
39187
25886
40637
57370
38564
57107
8797
63399
48290
60549
52437
23263
31569
19232
55788
50553
42394
36055
46537
56868
55626
43894
59544
42237
59958
33939
7256
59331
57913
41364
65107
62887
20449
30763
11238
21595
15311
54146
33054
22741
11095
36463
4730
15855
47986
41266
65048
35196
62015
63538
56002
11333
4528
31040
12408
31410
43858
7868
22946
53365
45753
15492
47982
56092
65389
42594
26246
55346
35373
25947
12867
38524
117
273
29389
7819
7234
58856
64965
38908
60811
56784
10281
16979
65266
56773
2352
15320
22333
2847
15575
58652
43476
34761
45919
37569
52987
65458
51828
28885
10213
19561
62522
63555
49326
47685
41655
2398
31482
21098
28989
38516
51218
46375
1002
32278
33916
2125
18015
31736
29265
61044
43948
51485
50137
49009
31251
50341
51842
22310
2040
7094
49564
45984
53963
33316
26204
53636
61916
48443
36063
52334
54408
55207
9353
23606
23145
51425
40670
41842
38831
15313
9568
21927
11003
1063
58792
59925
35677
35981
41747
24963
17011
25852
63222
51581
33891
60112
36544
442
10286
57359
44017
59681
8188
32266
64426
16236
4649
27571
17993
7363
15229
20330
11205
27803
33972
28010
26603
46767
44528
47347
55323
55183
27548
6309
1933
58310
42867
28381
32146
62712
57153
42078
13104
24676
38490
14543
24920
39832
46861
1058
7586
13236
49370
49811
40638
57369
40937
60305
57916
7645
29883
12446
2187
22610
53273
1916
20731
17884
11497
33767
20137
12380
36105
55163
10896
58258
61136
5404
336
25081
31849
50058
47385
18823
13477
23832
1361
65301
17768
399
55674
47228
12723
55028
61738
54236
54161
39980
57479
59336
5755
9343
10976
32215
26464
11973
25109
22394
45401
64835
54888
44408
13644
56535
47564
10646
20344
34126
16666
1773
56807
56798
21041
29477
28273
2883
17403
31059
41258
37919
22867
8860
18678
59871
39205
42311
41769
17116
18241
3967
50623
38795
2038
47817
51395
27763
21988
45553
59858
57837
44980
41211
45188
58661
62913
21137
19449
27184
5606
18768
13956
18141
65456
16343
30189
59912
41151
13515
41502
48702
40235
55528
57512
14670
27846
13981
16000
38289
40353
47023
63913
38707
49967
13435
788
3685
15510
21064
5328
25440
48461
35158
26166
30394
30685
34049
33898
34468
54731
64632
9692
8522
29228
14069
293
49852
54091
48362
62751
47596
47310
47713
9094
7984
9429
6953
27643
7217
34429
52537
59173
59318
28991
5920
23166
17390
10213
48473
12518
1246
54215
36106
58746
1339
24070
2292
7534
43796
37884
64979
26648
29977
43335
62209
45750
45287
38748
5170
6154
17984
8705
14580
33889
64713
47254
61171
50143
19297
31560
12398
14820
19517
55921
9625
400
17726
30872
12427
14842
16240
53399
37292
40121
10783
13398
32558
27419
22409
12185
28152
2990
4515
38240
35837
62845
9203
20081
45936
8774
12326
37603
43753
36393
39650
53585
50232
63040
24871
30493
20189
57610
43551
55710
22538
16832
17634
10124
5145
33180
42290
28272
28198
10107
14132
25996
45953
40730
14955
17682
13938
61260
35319
28470
60786
41802
61285
61815
27911
15638
4027
32807
51583
44069
1333
690
32120
28
3859
52955
44326
32544
26673
45003
56203
33358
56516
57658
21168
136
16074
12167
21863
10723
53353
45183
2257
6520
55637
32893
33710
29485
6438
7808
48838
42421
24705
14633
4047
62458
52239
4827
23344
9434
60747
40262
47582
46304
21755
18821
11976
35099
53928
7218
57013
45709
60679
35431
21014
50012
50122
32103
31131
30903
8623
20634
25095
6004
62750
31862
25792
35335
43367
38922
37200
49013
21037
4518
19949
36786
61525
64238
35083
30405
62719
34866
50823
43570
21417
64998
57250
22311
25908
8637
4650
24714
22539
26076
32924
62500
35774
5437
8344
57261
48385
49233
21614
18600
45577
32775
57742
21522
24098
40240
34037
40279
44282
35831
47282
50369
45163
18758
18312
44765
58467
59612
21338
11226
12965
36176
44389
20689
10512
27002
33018
32956
46195
60022
60155
28274
12145
40306
36315
4060
32206
18394
44900
51363
48267
4326
22467
22888
26587
59793
36756
36100
48241
60433
59697
6571
29270
28390
1479
53820
15862
21288
37722
47590
25690
8756
7506
31445
11885
20641
47573
37718
27867
24121
2878
25881
21050
7323
15150
21864
6209
29345
51462
48862
27422
42994
40284
37910
64272
36429
5204
5298
40368
39686
39626
51262
52876
31338
27683
24903
5167
15205
63823
52498
37766
54379
52885
48953
50206
61923
16957
31653
47661
62734
34366
29772
23991
65490
61044
48514
60523
59129
7172
32623
27211
57289
50600
3491
13370
248
31527
479
40718
47520
19537
4308
19836
34868
50252
32541
44278
45140
900
30864
16853
63429
40734
42499
48666
28589
11961
26024
23253
11319
47637
24679
28944
11750
19750
28616
52764
43064
49919
33415
20174
34299
34289
4709
9088
9108
2546
20468
5799
12952
48789
51745
51999
45512
55130
54566
8354
14095
32441
6432
13946
59083
40038
11414
19429
48830
224
17668
27226
22392
56497
57371
57582
27692
14353
14842
47538
42891
54694
39227
42312
21882
32316
53732
52109
40192
49618
54263
13720
27611
20369
57119
54992
38035
65023
61024
23259
23464
38139
46511
46921
58375
43509
23599
20894
51835
35890
54947
33604
48394
2089
18956
17120
9894
7053
2645
4218
14178
40634
43066
58890
61074
46837
38252
36161
15758
142
4329
15095
18658
26669
35232
50379
6201
27881
63038
24971
11216
2324
13249
42870
54769
43498
9117
30320
36423
6141
20965
65294
51565
17756
30350
17565
44162
58748
33115
5261
17571
47239
46630
5755
14921
3161
13449
5209
30840
4700
13397
2373
25666
10320
39241
34050
30704
3424
13814
34276
35204
5952
10092
16301
16338
32498
32222
19671
52887
60147
59275
31980
715
6203
48706
54455
57285
33477
22319
42133
46369
5258
20761
29296
42670
48956
10872
5053
8344
10693
18598
7853
14198
62897
53855
39048
44865
49561
21559
39026
50921
1709
24821
56771
22557
2993
28059
31724
56501
56747
56080
35644
36499
33765
34021
45749
61689
42909
52028
8470
30768
6812
854
45339
47440
48003
52042
64158
65336
36854
40350
36331
55318
64711
32010
15587
43700
32985
778
20744
24750
16375
2246
27531
20781
22257
63263
46685
47589
8641
13722
15414
16141
6075
5573
11283
28282
9652
22041
60839
53752
52572
53583
43504
62733
39494
57901
34508
22619
47264
58968
22304
30251
52187
49040
50571
10012
1875
62309
49087
40766
58933
48686
65324
18635
32285
10948
25138
3998
53241
64582
2962
4022
26825
5458
1265
56755
36531
44532
21022
790
17368
25017
50089
38265
49427
31732
54049
25716
23339
37545
46425
32144
16638
3870
3966
17816
28619
23605
51705
64554
44754
64903
49242
26026
14152
13214
27733
30789
29160
5003
2741
46448
39132
43680
40181
43923
10275
10047
18931
24079
9019
47084
33169
31737
18211
11358
12699
12984
58435
60544
34901
14371
17032
35618
31250
25145
17034
4909
9083
64100
36349
57847
49928
11323
18069
21675
15432
15757
6641
5357
25741
59650
49184
8417
13837
26550
7209
19644
61387
22499
26486
1229
948
25246
26033
2382
45047
50203
7653
52974
62224
48309
52121
45157
26374
30646
13330
14732
6381
8052
2681
3109
22902
29548
55418
39387
22617
4037
35974
15955
29285
40421
47357
8337
25870
7746
36041
35296
32633
21764
14379
52998
44836
30075
37644
61497
6402
14937
64562
41747
62246
12374
24179
65049
21028
27195
49909
50804
46666
61390
63185
31999
5163
9749
38214
35267
27064
31461
17391
21837
428
40125
39791
12972
18218
4038
8886
21032
50160
17923
6267
13164
1943
47974
48764
47873
27998
28989
31687
21589
13494
47931
46862
30408
21187
23602
14306
11792
13299
25611
9981
10717
28995
62639
4078
23504
13162
12580
39257
56906
60369
12896
31725
4315
40805
59147
22257
30039
34186
63064
37764
21725
8954
59714
7549
24572
43167
35911
2373
18140
16130
47409
65402
3271
46403
33585
45954
57058
45574
24281
25961
17796
21109
9493
8328
8012
3071
26013
6677
56706
64162
42343
42545
59504
53204
50466
38954
45723
42871
56943
64158
53112
45172
63894
25203
26872
48284
58146
63029
29842
9080
41202
61522
24455
51400
34092
16159
12550
43727
33780
64361
6367
19179
48081
27670
958
21531
9540
64021
14491
10669
23188
1836
9537
50705
58744
12419
21831
5012
51088
52025
57817
52105
53979
57149
34675
56623
49194
28855
24593
29488
4872
25713
16947
55672
48528
64473
54365
7565
11318
638
44483
40424
49529
52977
60968
20734
9523
25728
57032
47478
45587
54382
6931
44655
47845
29812
1640
12156
47943
49833
43167
51045
13496
61463
56184
36990
54790
32984
22378
23174
64054
40463
34263
9441
6596
35872
42797
56678
40633
36020
37162
45269
38095
62886
54978
63042
58530
41578
55886
33324
53569
53648
24917
6195
7715
58779
59895
58838
45580
45509
11163
28229
27094
37608
46491
15626
869
19843
13925
3055
17153
13730
20150
47470
41056
48717
53489
58093
9676
3334
16619
32283
12174
19349
30660
192
7301
25639
2969
11589
59464
48666
62371
15309
1505
36352
42675
56042
65468
61382
14123
26080
17684
43444
35362
31989
28059
10935
7471
10178
17021
7251
27016
40027
53183
43150
43996
3092
5475
8858
17719
8864
19795
37669
53105
2365
21013
60092
16096
2968
36872
60311
33127
8682
6632
65162
41530
53823
5369
20867
24898
4066
34071
14763
13326
57627
53514
51777
41973
50379
32421
18603
34519
48892
62849
32875
47924
11726
31791
5850
59259
47274
27969
43329
41374
20408
29070
24625
17483
25082
48901
45162
64265
59939
39314
4777
7383
64437
54168
36528
107
10486
37543
39146
65344
57682
51635
1767
14099
8791
56822
35254
41790
19241
26226
37041
40749
50586
38093
59915
62876
35113
29860
65497
36855
64425
32940
24817
58136
57485
4084
30583
28765
54514
63727
10138
18771
4456
42651
48980
16837
276
12938
49060
64895
8971
30202
61517
25730
25853
5669
2797
2579
21233
17177
46021
61451
54234
20878
17335
32365
23546
32648
3371
10045
10783
18844
7601
37426
46391
19760
24261
4302
17934
17385
44950
64404
61531
25970
7271
60673
58542
5765
32382
21969
56936
53450
34709
46270
61233
24444
9161
38102
3984
17116
34438
27242
17613
56268
44434
50309
21040
10653
3305
64558
48605
9425
481
10817
8576
31738
5684
21021
59112
22531
25409
17398
20403
14647
8046
10622
3817
25960
2376
38135
45142
18639
18779
24
15020
28849
56750
50042
22336
15624
7298
53724
46167
63299
15712
16184
15291
10018
9106
19693
5962
22328
1266
46013
11260
23895
47363
35664
26119
17877
7742
31978
20977
58918
39041
63960
4880
12898
61649
64533
60185
20044
16768
28569
5349
24390
19051
23505
52375
45619
49108
4702
28890
27413
46806
47318
39745
48895
41726
37969
38510
27529
26736
27663
21889
5940
44050
40692
7070
10536
28682
13722
17316
61921
24861
20574
64152
55555
48004
51202
65515
52912
44985
49258
17333
15880
15188
23389
40998
1175
13945
43021
39350
64619
62428
45595
43474
47342
15201
10916
15533
25036
18259
27456
27853
14474
20773
20416
59215
37253
36455
14403
20709
28449
51524
36872
38285
59192
21921
62713
43168
50223
62137
18955
15882
3302
27017
545
26617
51235
57070
5293
21765
30879
51892
40950
711
13456
40468
37188
62647
40287
45552
31255
21608
15153
25752
9544
64507
265
13984
40190
40096
62450
37314
44919
10673
13912
19250
9779
23571
30677
6833
61168
16937
6530
6494
7306
43997
56065
53892
16097
15502
12165
4303
12714
9518
27789
11847
37110
49190
27321
12372
37365
27150
27771
64164
42411
43328
19405
14487
5212
31160
40716
24632
30001
978
20623
31389
42557
64357
59576
64916
18213
23893
19081
4798
666
11555
22637
13507
11071
22245
36792
29331
11718
49414
48229
719
39439
54971
51050
64555
25922
19701
24193
54901
36189
43445
9244
1974
5307
29244
13672
41190
63166
48471
38643
14915
17296
16389
6542
29139
30456
35959
57100
32488
23408
64903
35084
34932
62603
33067
33755
9603
21544
23783
21535
46921
37740
50714
21033
25541
51497
56286
33064
35951
49097
2597
7415
29686
8649
25910
47925
22297
31343
50770
48095
57651
17824
7135
17996
24986
56676
38706
54881
7779
27786
60972
18319
1238
23004
16153
47531
30659
17024
6786
24007
14144
63411
58286
17275
2208
8346
36860
39181
54205
57785
52314
62362
40419
39161
36180
20903
17842
29184
21576
5788
31225
33035
62338
40622
59697
3106
60946
61564
51409
41520
40684
17527
22216
32697
24571
31365
5871
28235
48761
43988
23196
18765
8071
38348
48844
4953
9081
25467
28477
4447
37210
698
8046
59225
51843
61738
52683
42855
54840
53539
1147
29655
13207
96
14615
47511
62164
53958
49576
57619
41270
60271
56491
37563
63828
38620
5530
2547
33913
53266
59584
8807
14220
52561
56734
63049
46815
64049
60688
50857
24437
29964
214
25775
16577
43892
59475
63450
49332
59904
54546
54860
59135
6982
2499
26789
25498
8241
47268
57516
26618
62847
33416
24504
15928
53719
17322
11009
12294
17175
37440
10190
21765
25859
3178
59901
23267
23238
39219
56127
56181
23572
24713
9180
21789
11303
45184
33672
13530
6197
32293
26412
20708
35089
54035
48258
4009
2118
3625
31216
30254
43299
59608
19370
782
33016
6095
12599
22208
26002
10338
22022
7545
61818
64651
27253
18990
1368
41905
54350
19106
63359
33974
46250
62713
4971
62852
47511
41264
49907
23252
43312
63046
32539
13642
35751
8733
26478
53963
62848
32614
8268
30123
43256
35907
10124
1518
19805
17057
8207
45417
28497
1942
34836
38271
17648
1222
18689
27274
18581
54043
46391
48415
57667
52007
56182
47910
36159
48676
51554
42321
11945
12281
59106
52387
52738
58235
32978
55260
38071
21476
39494
54836
40011
55235
20262
52179
60665
41548
51219
34375
17737
19489
30969
31749
28372
23412
13565
64724
52756
4359
13207
3390
49383
38854
60053
23071
26231
8029
4290
26643
20919
17205
14726
17871
24779
35190
42009
61942
45991
59769
17266
6249
43030
49495
30560
35322
49731
18107
6035
32993
11029
5146
17986
3691
28788
53530
35354
1377
1631
45151
54819
42313
61685
54815
12491
7831
14634
38652
46511
64212
45735
63577
15091
16079
43826
33442
51365
21886
16616
54502
45844
52485
54920
33687
32692
55784
41987
15099
19100
45386
1785
7296
40177
57903
55005
30431
17322
42825
43913
49507
49000
51928
39710
49427
10867
64498
53336
26515
17433
4940
16457
15212
40481
33328
29819
3983
32320
27583
27898
36709
42216
47914
53600
49931
64655
58782
41082
5592
24059
54834
12943
7840
33572
34096
56687
62386
52330
51691
60984
37256
63189
50802
50799
57654
32888
55539
53461
58574
41692
45713
5490
29593
36648
38124
22843
16071
29012
267
2830
37929
36505
65363
28792
19198
43371
39130
32849
8375
18267
30284
45416
35871
55935
49208
47831
53189
47150
41770
47397
22259
10396
17911
26281
21184
34839
33489
65210
48687
52526
13816
47864
62406
64131
48200
11828
38569
37325
62070
51437
50725
64628
62561
29331
5836
1766
38088
52731
37774
50686
30616
52530
36774
25741
1509
32973
26806
6450
57066
57566
982
24902
18476
3681
2863
23034
15563
8789
57004
49137
33485
3962
23360
14615
29108
55744
13320
13226
49745
46262
48115
19383
13545
36381
34187
31542
8139
4982
57619
33867
40240
1695
22062
1472
12901
37638
33243
40544
17792
20849
28167
16935
6724
63846
58011
21085
18217
28203
20530
2138
23134
54284
33224
640
8507
35507
34147
39663
11062
11910
4511
18977
2545
27711
21500
54365
55827
60177
23428
8536
17244
62530
37527
48294
64643
12584
58166
45046
56862
53226
22123
11079
8991
40598
43660
50038
12334
11536
65252
51694
37204
25206
23929
60429
49853
63549
5857
16792
13464
46240
56611
14896
26096
46838
5839
30138
61271
33797
17134
61940
35595
53111
41995
20980
65079
63841
748
22233
22644
62928
39153
9230
8275
64016
37376
35220
25724
29538
17482
8277
21933
24544
9177
51241
10884
25936
32913
52610
21034
38082
47683
28767
30375
11173
27825
3005
14177
20671
40615
18982
12344
34915
64666
2214
51808
34063
724
23908
50107
22423
20515
3687
16949
19804
36107
33650
8221
2069
5350
28796
22578
18934
13135
25554
61868
50243
21609
1593
28135
58289
36926
20802
5783
61833
24136
17082
10106
28331
22351
56885
59198
39314
54223
41433
9220
186
20406
26248
12276
28202
16209
60314
51974
27120
12849
17185
58850
44939
19882
53221
60243
43954
33561
51828
37498
45394
50840
62729
45913
57026
54152
53543
46405
45008
31714
1825
48011
36398
30632
7067
27897
64430
38846
31099
62594
60101
25534
14233
2839
49447
59903
21610
9456
30016
42291
55684
16080
29066
35045
27013
27936
40807
41285
43022
58751
37756
27410
20593
48247
46404
57671
58024
41050
2141
44617
47179
50605
53110
58226
43165
34256
20149
22453
3374
16564
25408
63593
53875
38298
65434
47224
3125
4360
40652
61889
54026
7864
23433
7710
48878
36658
34929
50533
42716
4950
9479
8369
728
28282
28627
147
15268
31194
42843
21533
27108
49307
43007
56332
354
1068
11442
16748
19441
46174
57769
22421
6583
45657
10814
12966
4937
19460
32053
38919
37222
15764
13428
9910
14095
10327
3406
10115
6450
13626
13535
50644
41994
42945
19636
13351
60417
59332
5859
19810
12677
11451
10819
54156
38679
37450
3960
16990
18660
58038
50842
51923
59136
44889
43267
44055
6355
28651
26050
42241
36175
43258
52116
39688
2343
18110
16371
27895
62404
28363
27758
7567
20359
19149
34742
36864
31245
26983
17930
24304
7606
42016
49821
17424
62844
60432
16265
14424
2688
6231
18442
33284
46027
4976
21572
1961
47818
63862
24236
34973
42679
30299
32763
9135
17765
20751
34470
48003
37718
59121
38426
6398
9214
49704
54558
48756
49573
42061
29336
42735
34768
56284
36466
52237
26816
854
41167
51200
7980
40983
36901
7482
29026
4359
62491
53593
50630
41765
59809
6510
10390
143
9906
17731
17845
21752
65077
35659
43473
13504
28548
28051
17130
62563
35078
45445
48943
63641
35230
30742
10337
9523
16887
57625
11230
16063
1921
23546
28985
61766
47088
3385
1696
35789
44279
39892
41632
41136
52982
41181
51128
47616
64013
13510
51451
50888
11474
31786
24652
54071
45762
13770
6568
55875
51067
36228
55676
57329
18958
19553
21986
27022
13026
485
39504
50447
32310
30476
51635
55127
59521
45529
63167
35091
20529
13863
13249
25426
44926
64
5441
13938
21811
32561
43082
56074
27961
6324
65077
1913
9378
25699
3497
18974
41317
50263
6879
11942
58562
65332
33025
58710
55572
9599
27816
18752
17886
28136
9784
23694
12071
61034
37355
30393
45349
42382
59726
39577
46030
20158
15602
40856
63587
7418
51675
57560
44656
59470
47689
30839
12522
30155
30620
59046
65053
46428
20660
21067
50377
61820
42428
14440
16424
59816
4805
2621
13551
14579
2307
2509
30670
50215
49560
15775
30886
25176
53719
52282
63943
36622
44733
22094
282
17020
54272
40297
14201
12436
41543
39319
63016
12028
15116
58483
57662
40620
17219
17912
47837
65446
36079
35116
64450
7504
40367
50004
59933
44164
4466
58891
44901
32833
46898
9710
371
25792
24289
5906
56437
7513
13306
58763
63170
43908
65517
50968
27635
24936
4227
24716
15123
7616
4741
42426
43716
44267
34162
42813
43875
40807
46440
10831
22710
3240
33295
40254
27332
2860
13646
56112
52848
43756
36052
42581
49365
58824
57100
42046
60932
7181
1720
8636
14810
3249
28708
27038
56290
35767
47299
16547
16631
61853
59572
59421
46419
41098
16600
20210
25920
18827
26564
29739
22305
3006
20922
29589
11719
26764
11474
38005
48356
41271
65222
45028
4851
7600
2462
24986
32541
49462
48257
58909
42971
23733
42740
35809
3908
5667
19464
5231
940
61114
61294
49384
50514
47164
13224
32360
33973
8760
30555
62183
42344
4014
62500
34436
47182
63695
7567
59416
60764
3000
16926
18583
51289
46542
5234
20907
43652
27586
13652
17158
30019
51310
43340
61057
15749
26172
59815
20199
5619
55467
45244
1685
46982
43102
19022
27382
21830
3648
18359
43329
42131
14205
14756
24840
41477
54538
25683
51996
65193
8917
8052
29727
24636
17354
63762
42014
58354
26015
26513
6507
3434
2423
29943
5528
7471
28315
44100
32696
1450
58039
54518
8402
23872
3912
56177
46516
4517
48106
38785
3252
17289
7007
44997
47153
54767
47166
38871
1099
5059
47909
57712
52833
28667
17929
5759
3400
24236
3636
25889
5619
1722
53393
46883
41298
6531
29026
23936
57737
54245
24263
16913
9929
11464
31279
58972
49528
27830
14378
11298
9618
30664
24537
57698
59613
50690
56483
53212
48230
41214
2214
3293
13804
25579
1751
5234
28081
42952
9134
28841
27232
10395
36500
7158
15874
28980
773
18669
42666
44170
42656
63590
60455
16814
12568
32969
64432
6877
55610
56012
46332
35432
36228
59098
43832
20978
12283
46143
5231
17062
377
16699
60585
14991
32308
7868
21994
56476
5087
6888
45676
47292
43730
37543
60100
28712
33007
21196
56552
51441
38664
63285
45532
60153
44618
9112
33590
56726
28133
25280
57216
37590
42554
23863
32081
5256
12744
9399
53292
42781
36323
17145
25439
17223
19179
2471
6973
17609
42835
39192
9969
26451
11712
34844
51295
23928
58219
35845
16540
19637
37481
61311
57113
17721
7879
32267
48668
59119
57390
55570
26868
15124
16457
36511
64807
2972
37588
64803
45385
47775
25968
16133
32199
8499
13804
45160
62476
44559
39871
42521
4639
1214
21775
31750
16660
57974
55837
59675
14478
11188
19897
25401
16788
14219
24417
6715
43231
44600
25458
14817
13358
48884
39564
35326
54744
40233
19984
22714
46509
50795
60222
12891
2275
15099
14820
19604
8532
13782
57261
62769
56373
61684
41016
41629
33002
8562
31052
21167
5929
12163
30789
6868
13171
28178
26921
14950
977
874
27942
248
398
47000
54158
42210
34479
20099
13759
10199
28193
6325
15460
64364
45730
15538
24938
62199
9656
14719
50634
47797
33594
10971
8312
37283
49951
54873
2782
9528
42732
61469
45008
14115
14685
16894
12160
13181
53947
58452
50451
53605
48315
61751
50434
21406
24508
14294
9379
27166
44985
37561
4035
30383
30935
27780
417
7504
55962
53279
62611
55874
53064
41478
60519
24350
26428
64510
33584
58801
24356
15390
61724
14414
19022
49665
37570
30402
59917
55332
62668
58122
34649
65412
60567
30464
3956
10579
62639
44147
7996
13337
34209
59299
44680
7526
29584
57798
22422
6693
7050
25080
64158
12388
4472
3680
4042
19954
5605
19056
7242
7382
41981
49679
53593
9525
14725
7977
3496
27932
39682
55830
7039
41020
45357
61643
51187
58832
61088
55565
19451
18662
10172
3053
13803
9013
23528
10212
44666
36477
7743
31808
15438
35427
51293
60347
45405
13600
47862
39083
35448
61981
46759
10468
29151
18304
17901
63387
62335
57331
43547
45976
60033
61372
55411
60502
59175
35001
61432
47246
41553
56531
29246
38703
57601
19290
12448
56572
14479
11169
14814
31077
24377
44133
52133
34739
50633
2633
43563
47945
49603
56438
65202
46237
41486
31539
18426
27356
4680
12433
22004
9244
25006
45164
52388
11739
25918
40111
22402
7819
28765
15128
43274
13943
25896
33575
44250
2661
4317
25968
28929
1559
60749
10965
24799
60841
64361
28540
16945
26498
2253
7404
22410
32083
10406
54157
60062
16757
162
5850
19376
26285
19036
12784
11946
19561
11008
5557
53228
48647
1326
18087
42353
14080
18388
64622
55171
13867
14009
15611
36014
33233
38228
40723
38484
44271
50781
54483
3155
23930
46538
57431
16901
45967
35779
30327
11816
24241
60877
34737
16048
26813
48196
1897
27500
61709
56004
719
9345
5022
43268
63273
39191
19607
25501
49461
47078
59890
21678
14783
12154
10735
62413
43410
52153
49966
35234
19956
45240
42381
19067
16454
27181
15803
13739
43585
50081
54145
32698
26699
44972
37259
48745
49842
43161
6092
5683
49765
41317
43714
30676
3051
7332
40630
63961
42161
56623
5104
53239
35818
6586
3961
34626
34706
59800
298
25076
48609
23191
32751
24048
1357
20413
50283
43645
27933
12858
60951
15538
27168
18499
17989
60256
56212
42363
32699
9325
55730
31029
10727
63173
44000
2628
59942
58860
16864
30291
27079
2526
4194
9305
3490
16091
26385
1733
45251
49597
533
46690
55244
55338
32967
17306
55734
59535
60458
63218
38016
50043
40263
48021
56083
26475
52265
55736
13206
16771
27297
43121
40070
35947
42392
52342
63103
62432
11933
30360
32167
43803
55398
32910
44853
18895
1290
11925
30032
6121
16598
36406
50268
3526
16254
43946
45153
63564
56653
41783
13164
33948
33059
6633
5948
7234
25590
6020
20269
12308
55537
24962
1809
8870
29629
48795
26243
19894
50357
48079
60836
30730
24202
58302
55224
39608
43683
36231
21703
22671
5831
22462
7099
31847
30157
60871
59391
51252
35505
44425
61982
63176
50033
2295
15971
21777
7661
4663
18929
8940
15704
54130
64714
64545
55751
34487
35385
60310
51169
33701
16634
58725
47015
6863
6317
48424
52659
35885
42546
47405
14865
2091
10470
20922
15122
31369
47701
44968
47799
49580
59991
7471
15062
20545
30375
14676
9649
21198
26909
32032
37855
45483
39233
62562
53927
33650
41550
38452
5079
27894
1026
60998
47673
28342
11628
34195
16373
16224
17786
6402
6185
36276
55562
32272
27749
50456
50156
49752
33977
60077
59845
4475
24845
47289
53616
12700
62863
49995
46853
34265
59472
35841
63776
26000
24597
35415
47882
51712
11696
18196
42240
4097
26520
16291
32006
37428
2559
25097
58131
46342
25322
61059
46410
6548
31248
52610
5537
24557
49004
51188
21357
62144
60252
24771
18007
30063
8805
15713
10280
8438
7934
25997
20256
58699
42879
61989
8486
4401
61406
59075
34540
61526
62824
13098
12474
15046
9844
27298
35071
44117
13816
8698
364
55931
35908
52584
14402
16035
34602
49621
52246
28117
23127
23209
29450
7182
14439
21809
3220
14670
58338
61341
49288
32290
20621
3751
26813
1468
50230
42443
32713
50826
36407
41601
59836
30918
60951
52777
44860
60187
43879
24468
10422
18600
23910
45859
63884
43719
40318
58232
17902
40691
57402
11584
20325
45815
32252
15802
60400
38454
5818
46772
65202
37310
62812
25936
38904
61496
11936
11504
58225
50600
53078
38053
58035
63310
9678
17965
40787
57082
6460
33003
45963
54049
60193
36321
46210
44693
4715
20280
31511
64773
42751
13211
23317
60641
29924
21990
51157
48546
61317
4859
51693
34547
36771
3491
32667
53673
46890
21338
61111
65106
11945
11661
3143
13099
14773
21599
24476
19105
14212
25244
18673
31182
54270
48775
54053
31695
11044
61537
15874
26099
22152
27069
56927
37559
49199
21121
10574
35966
21700
6245
37837
33973
7670
28660
32716
63074
40950
49030
14713
31205
5101
25304
58336
13642
149
14198
7756
30194
12489
3924
24941
18927
14037
22481
9655
54045
46628
21225
44828
52671
1364
21510
37185
13322
3254
19116
2091
31059
46321
60014
39063
45700
4026
14987
26557
17096
24872
56133
36641
41110
63237
44159
62225
19954
1943
51479
45644
9862
38723
48269
20026
23398
3323
2333
27331
36892
62612
13097
63817
35807
6791
14975
57170
62472
37606
60545
60062
10050
2430
29504
47364
54512
8333
42159
38501
32430
17295
9754
28366
18724
17461
12742
32274
56284
56242
18259
24824
24613
17542
27135
51614
52965
37910
52978
48087
35999
33683
27096
10712
18218
18444
5825
52004
30243
5810
46649
47609
30939
32307
30050
23106
5050
1304
36781
50482
10266
2369
40062
35966
34936
8478
3500
1441
18378
20715
24468
2167
9780
55965
41481
36202
48340
19964
6807
5188
28444
30894
25865
7361
16765
2784
2961
45289
34684
41832
42424
46218
64675
62757
51714
56493
37752
60727
31869
13917
62975
55106
17155
724
24914
52352
46393
29236
58821
51798
29668
10155
30861
35617
49799
44554
56674
20014
44774
34781
61602
50450
38757
47606
44158
6402
24028
30413
40099
51835
63156
36308
8292
62330
48177
9810
27518
62952
19797
1621
40605
41662
13502
16950
14081
46533
44792
17558
5269
28317
11380
13235
51106
63564
63486
59368
44765
45497
7049
30735
44082
33369
17748
24111
29927
34023
64915
43011
25527
12311
46670
41444
1700
16747
10792
18136
14362
61084
7629
7427
506
30648
30244
34894
37200
40879
37469
41056
37091
41517
41905
56699
47335
5821
13173
64177
48685
62909
1455
16443
31954
1256
36801
7656
6827
55252
40181
37490
32037
26973
43005
63741
53261
30766
3030
45976
54930
12642
42938
55050
65345
36569
28600
35730
34450
40869
63745
58112
26334
4502
6499
29369
39976
10997
24332
981
8384
52018
58104
64326
3652
10191
5298
30627
19217
28363
16974
15147
22640
12888
63618
46320
24737
45096
47843
13668
18069
21251
55719
58894
31864
15939
16657
45327
37539
7814
14443
32563
3982
14020
2004
21601
9973
40181
54583
13734
2301
39801
35072
50172
52583
42579
13227
34641
53051
53922
57011
20071
13744
6138
46799
38903
54115
50957
65177
6169
6045
25781
17829
18445
8900
10594
12850
21193
3952
1750
23237
57783
3441
31918
18191
390
57913
5852
7166
65397
57584
64180
53896
33235
23122
8494
34712
3406
2586
64443
60992
57576
34756
61292
53025
43320
30825
46900
52832
17216
25370
37299
45835
37228
13276
23220
7803
56210
45813
10028
3345
57311
48828
65178
21698
8500
41337
25176
15446
36829
63331
19327
43008
51426
19905
20379
36446
39043
60836
22044
18618
41717
37235
54945
835
18135
51570
16046
28192
26200
3430
44155
19353
8643
64530
46778
25102
43007
42362
949
31167
31925
62945
46890
35572
60564
26883
60585
42348
60919
59484
31702
28149
2964
39902
35260
17791
5906
21131
29040
12553
47674
14973
742
18977
18672
14790
3802
1187
32599
22028
17151
13825
13086
28846
2660
91
39319
48212
25829
2702
12641
60058
53322
59415
34310
45963
49848
43426
51409
54313
33494
60136
5492
24336
2637
40580
59963
42782
9690
16092
42135
40840
40687
34658
40489
40167
58221
64360
18783
30927
18629
9036
3785
26901
20989
2807
27291
30246
28824
21754
28033
16885
28615
54515
43639
62995
10084
26492
65451
33809
1056
58897
49354
33071
60368
42599
14035
20342
20238
14231
50396
17852
21995
34228
44478
36113
53820
45821
3534
11238
60005
49998
37890
24311
57862
37786
9710
17654
42959
8755
26460
10100
32568
62951
7318
8467
54350
46805
52702
18269
30552
47164
33729
58314
45150
56736
9085
22106
36263
3504
13972
44875
35650
64779
59358
58626
18409
14994
16170
52643
63348
43249
35800
65143
62896
53084
6977
17292
13909
38387
35151
35059
40481
42840
39885
33213
36175
50811
62106
8994
28512
13318
21080
51933
18319
25907
33066
35269
52412
39517
59846
62228
44791
18881
58076
40319
15406
27649
37703
2633
25103
43110
49124
28520
21269
509
53303
45585
6080
49102
38811
14304
18872
6418
57682
50032
44279
62888
45549
29260
3500
28594
29224
36328
56897
53409
4795
16671
23775
32774
44336
11592
14325
28057
17620
13517
40072
42888
18362
17780
19729
48162
51511
55805
1956
19852
64275
44092
14444
42212
33881
32816
61706
45169
4050
18769
14714
2978
34468
56295
61058
49352
40478
62677
28886
30336
3879
26593
27468
57501
33391
37314
39482
24542
21496
31095
12617
27837
14754
64386
40239
50504
49695
3908
8235
28696
50124
45484
4555
55646
60385
58504
56934
47897
51857
59732
34227
51520
36555
2223
9780
27294
6240
17751
63865
62806
21123
25724
31778
4337
15078
18052
7957
19258
37967
36859
31626
13664
520
62141
58092
2271
32124
24030
57525
40821
45933
33173
32277
20343
30070
37457
45850
50969
38065
41685
55813
53619
48571
42509
34345
64754
45359
61798
29900
17444
10558
26691
2450
48417
46186
49959
39105
35415
16086
13505
11363
9851
12884
3718
21250
58440
46454
3711
60140
54314
6845
3925
29400
6640
1710
42684
45524
36712
61340
34801
41741
42300
30183
28308
15901
57766
40908
16094
54494
39125
24931
14180
44915
26806
28196
45575
65010
61654
11147
4789
53401
40840
60916
13712
7334
60275
34919
55818
16402
9330
12465
26299
44667
18378
21248
58647
52225
58772
47150
47582
42210
44833
44225
51123
48547
51832
52679
14822
7907
14171
7526
25540
12469
51639
34682
23713
30700
60023
34957
43254
41145
39749
56243
61306
49556
13508
1786
23334
30796
24219
48078
48999
62153
38338
57897
42660
63647
5960
47156
33506
60300
50543
45251
43994
58597
47131
47929
9543
29856
16938
46832
60004
34673
18480
7349
3561
31543
53820
3732
18213
65501
46518
9940
56416
63534
18489
1293
19857
44166
57663
49419
42432
16051
56269
48707
18690
20127
34179
60861
45147
39034
48360
1829
27851
5440
55882
35849
32543
55572
35856
26116
11971
33994
10256
30031
59397
63568
17134
5301
15249
42780
53767
35919
17878
19876
4717
8024
4028
31238
17917
55889
51885
46427
50076
39694
56517
61028
24384
5562
32145
39583
34459
22220
21434
19677
6026
7359
8816
1893
2126
32719
6452
1891
38858
57428
49736
49430
11819
9101
13029
5992
20700
29197
34188
61885
39997
39314
29168
15603
15874
46505
51832
53147
390
24776
41060
61738
13238
60132
61284
5752
12541
15356
25370
25541
18815
10098
9933
40726
55785
55656
43755
10004
36474
62341
59732
54386
12173
14520
413
36865
39853
59879
34717
56266
52599
61394
22396
5685
903
13654
11773
1689
11204
16501
50352
58325
13494
12204
9756
38766
60326
63687
8950
8960
26201
13723
13942
48226
44718
49883
49779
59371
35119
60451
39966
64257
12568
59089
60228
52757
53331
52088
45429
48041
10700
29086
25639
58398
53959
59542
64409
38442
37062
47473
33359
61913
41655
20733
22053
30593
10969
10088
53314
52377
29378
19849
29759
22773
25967
34682
37644
59449
36683
37471
10847
23968
26504
53189
36192
50664
55498
23937
19143
15464
64927
49421
11347
23798
17494
32439
2076
14684
65120
65309
43087
64848
65451
22489
15072
35123
60911
14236
41860
49247
57203
51272
4094
16899
6575
12879
30005
49773
32340
19589
32365
20455
10821
31599
18123
25690
13702
20174
45764
61984
35946
44024
10801
27576
22846
5101
1942
25242
5652
8671
49520
48261
54035
20079
20435
32824
46292
47021
49961
51797
60264
41819
45475
22359
6628
10006
6065
35542
43375
46186
5769
11535
5893
30361
16689
13546
17328
11488
41280
35730
13007
23071
4026
64155
43592
4670
28069
52226
21421
27214
57688
62634
34668
35694
63463
15794
24844
38942
26714
4529
2559
22695
43888
22445
15352
13277
31975
42061
26466
26998
49660
57485
64677
49325
38358
38797
59323
19789
44426
47096
38969
33532
46617
57041
55453
26828
24076
21141
4175
14692
7342
1071
22137
24909
19020
15137
975
21965
31195
3986
11997
32748
37759
27508
25691
49657
55906
50236
54688
36710
11643
10440
40261
45827
39033
44982
35532
56376
34507
58243
27735
21317
39381
59055
33195
10778
5972
55645
48816
57845
15067
5659
43153
57949
38622
11713
8686
51433
42066
42115
19515
30014
29852
11013
2077
13841
11417
27304
18655
1885
63767
46683
10590
61637
60443
18300
5111
10827
33821
64912
31111
25849
38882
56607
45130
59317
49215
6805
17947
1068
58690
59925
28282
6566
16514
30985
22802
60251
35084
35062
52795
56009
55613
55583
51745
44269
49520
59148
22330
1406
9640
6269
48373
63107
56364
49254
35616
56959
12459
8264
57820
48125
39483
28686
32765
54020
55731
50773
63782
52799
49967
47628
54334
15637
6063
24251
21890
247
29734
18104
54367
55975
49050
48155
45075
39144
44334
46398
60901
52819
52261
37790
54514
19642
32405
26266
8395
17556
58653
40533
18905
15376
51840
24987
24529
39965
36409
62125
61283
58150
34023
33837
40103
48498
63494
30490
19933
50996
43377
36838
54216
40174
53697
397
17525
55414
13676
1703
40751
34273
57975
58061
36267
22095
29296
44220
37812
48902
9278
12196
30400
14926
25897
13301
31217
51007
19564
11964
46968
44697
27448
24321
20281
28806
8955
650
60225
55005
22269
18070
14736
9491
1477
295
28314
42391
45935
27669
15109
2914
44554
49306
41045
17627
7228
30325
40927
49366
5188
43868
42936
45186
38418
36826
63390
49608
61947
57220
45865
38089
41776
3332
4407
21374
46334
6:print_runlevel
22165
26671
16441
12975
22596
18305
3:print_deadprocs
47551
58879
27232
1489:time_string
58149
64478
4166
18096
30534
54509
33841
27097
603
41955
20461
27450
28757
26032
11294
20006
3527
23042
9623
41556
27775
26456
6195
28326
30953
62656
44432
33895
55034
25691
48006
46543
21208
25322
32377
24213
8684
8565
20798
45005
6913
10435
54322
39804
64761
25893
17993
11647
32638
14758
64907
59014
3022
13645
855
30996
10685
54989
41288
27
49391
43850
18521
25449
46114
53054
35359
8068
2265
33434
36304
32864
54610
58729
65033
37266
58227
27530
13862
54245
19491
15414
58677
48058
23440
54764
58141
57035
54643
47248
49674
46658
61773
47425
20944
55186
33839
23647
29358
54740
41576
62962
23009
5589
47840
9121
6280
22432
31452
3215
7506
24869
29686
23961
42359
54502
61251
63792
51130
45296
51902
48723
11729
31589
37567
5741
28715
35222
44627
25311
23393
4282
8380
10901
48419
59177
36186
44924
59167
13305
38761
55391
25002
22539
50791
47649
38470
64743
44783
63009
30599
11354
35665
42643
4393
7183
5342
41192
59767
63700
3674
14700
43860
52731
41879
3518
21767
31267
26662
55636
65087
41995
19606
11512
39056
31152
1330
49996
50871
16307
6093
2342
27915
3546
12301
57768
54647
43033
35536
58223
57898
40750
37263
50063
14727
63133
48909
45960
57269
19604
47598
53248
12339
13285
57401
54515
42929
21689
4928
62917
20656
30542
19010
7328
21341
52632
57494
61830
50283
40566
64485
52126
34691
36272
60743
33036
51827
59304
37751
1417
44898
33409
29196
11347
30612
60697
61393
42223
38033
37121
50747
59921
61921
39088
49380
30789
4256
32137
4402
49400
22723
11217
15484
23152
48212
16755
10552
62361
58862
13689
16449
17162
62840
62480
62087
40540
51489
60593
40897
12602
53918
37136
24328
21289
54324
46398
41796
27481
16174
5082
32878
51386
26481
23062
52158
39903
49449
31598
19145
65316
55649
64149
5277
2986
19522
1197
16831
25480
4685
39016
18803
25748
30623
9523
32509
63073
62065
42442
56571
54490
11832
14074
3775
13896
1997
15717
13003
46261
50142
56450
28103
15156
32519
9652
34899
26082
10199
20516
8895
42708
1244
21378
9246
4053
41320
61679
50071
39484
65016
39689
9695
25230
18882
15778
45825
27006
28039
1521
16706
18609
58727
50800
59945
63156
45211
45253
55761
4135
27419
47411
503
19535
2045
28114
63138
30765
11396
25822
12355
39184
27293
1925
1472
12039
62775
39666
33910
54125
45953
36488
4028
16082
60603
37074
61966
23165
11534
5595
3365
58307
34057
41509
25918
19794
779
22737
8010
49634
65297
28710
19275
23190
58854
54722
63096
34016
58608
24928
19204
35621
45649
47763
30894
24056
19580
22511
30872
43901
47868
58387
55334
48005
8462
30087
45760
14704
506
3363
11659
23710
19920
17428
65126
41524
45500
7210
5242
9967
2431
6623
12210
19942
14720
9149
59157
50475
37713
17748
6203
46287
13510
17619
41281
61589
4287
35684
50426
25789
18130
55790
64947
62377
8323
25651
30727
43635
57479
35248
37838
1575
17548
3734
15382
22206
49802
7611
29211
54842
34446
22991
39056
56608
54172
33027
2659
61853
60492
30655
24597
23478
19679
21526
3383
6889
11131
16846
29806
41118
56959
46399
16595
14433
41449
55580
10360
59848
55057
62670
36700
62191
23352
11486
2323
14168
55445
45136
46308
37279
61225
58944
16147
16290
30223
3075
3424
43015
58907
38594
65399
25423
54857
57113
2098
12821
8372
20754
12527
39225
60220
10438
33376
46861
30178
16851
11017
28039
20271
29966
1409
16593
50724
33870
36132
43965
12137
28342
23014
6605
10419
17939
1663
2156
24443
18488
21535
27005
21064
14556
8945
21658
9525
24773
9535
29205
63989
2636
29415
16578
27864
40335
46384
37007
8026
11608
26150
18320
10124
3276
20812
37236
25935
21901
39615
60219
35519
1244
22276
31162
19344
60449
33830
46683
63611
41770
51153
19348
6381
39083
33896
8859
22644
22725
57286
34259
33969
24462
24047
34151
60733
59903
16625
25959
63658
42627
60847
6117
28823
21809
4000
49477
13097
26223
5944
4413
48049
64257
45390
63211
36954
1221
42536
38130
7297
11298
18839
16803
28919
61934
63662
39430
59501
58721
13218
15179
8530
6002
4816
21458
18115
19847
6154
22316
31002
24607
65106
57495
61022
42139
46187
43513
38074
48979
64045
63962
44552
43484
44241
41907
52626
51080
21532
11574
14820
9829
54321
50503
44573
20248
10097
61893
9232
8223
9728
10326
8265
25149
8444
23054
13483
45352
26265
603
47850
38332
23609
28815
10876
8541
27205
57250
18129
10302
34185
64633
8614
49248
36952
17502
27396
52084
45719
57023
9320
6154
49243
44590
58444
6025
3393
39300
35215
54201
30420
18980
65097
46143
41262
63793
37071
47852
18287
9367
56417
35919
19391
51851
34212
5637
31313
58382
15356
11181
5610
10840
2810
23969
23402
73
21400
24079
63086
37106
9427
14980
63421
48900
42937
26194
11432
7635
60889
49222
32027
23199
416
3969
32147
27125
11591
51555
4094
27682
22455
8482
59034
30604
6026
20475
25761
42157
53495
53480
38164
54800
54830
31319
21001
32266
27948
15760
51
4299
5662
11142
2679
19300
31743
24085
4271
29080
55091
60349
55698
53321
43349
64897
51714
7234
12308
24339
14930
29371
53336
60352
31251
21166
28433
38602
51533
45619
17513
17868
54666
42958
42117
24644
784
59005
36191
19447
36063
59121
31321
1417
53716
10499
10541
10160
6480
6413
3743
25284
20323
25119
22259
22834
971
9942
20313
33012
45895
24664
3701
12310
24613
16501
15538
3562
28614
10818
2612
52844
41107
37104
40048
61963
37581
3859
26234
24465
13656
59274
17250
17808
44144
53084
49849
339
16727
35389
61336
28561
33950
43584
39339
46196
59848
35351
58094
11046
10095
63132
51199
47433
26993
6207
58707
30156
2802
28599
7681
57468
12195
20885
35496
49099
17319
7410
14876
14859
23044
6105
63282
38029
29095
778
50292
2604
19074
56694
56753
23789
18865
1829
64829
59720
29792
176
15199
53019
50937
45351
50285
53657
8858
6511
12934
6623
8725
55087
39025
61413
30095
20344
2510
11957
23386
15378
25906
56623
41612
4300
54447
34851
7166
21958
60638
28604
31142
32174
20411
25486
15743
1803
15392
9214
22295
17502
11539
53037
47521
27450
59647
38146
52925
51320
13187
12294
18035
49393
41872
20346
65323
58183
10966
26687
20711
63288
43407
3660
20753
60542
11346
13157
61203
33253
49035
1353
12328
41429
50085
43367
30997
15760
55611
34816
266
34181
40522
65513
36531
47404
3791
6101
38485
47862
35010
46977
40664
10554
31585
10706
44469
59935
25409
19765
49760
63859
43833
37393
64196
24145
37486
60860
22243
28980
36497
34160
62548
61348
52822
11295
14614
9303
44621
43316
37814
46099
35405
39425
46077
53056
54760
43237
48464
42127
24212
18277
3988
33304
37415
965
13934
30321
40443
64462
31728
36092
65230
7764
15522
55495
45629
61302
22149
5402
44940
13349
1975
27180
17792
8869
12572
31277
16063
17992
53291
9447
13380
4068
12058
3677
4470
13216
59767
64416
48652
56546
35513
65239
44719
536
57791
53376
1388
10793
18519
9370
22989
47801
61475
2701
41733
55925
10396
30585
34200
20309
32446
50828
56378
49132
42031
58196
30597
1234
35365
6421
17520
18657
18440
62146
48074
57253
58018
50552
3495
29557
24830
13998
126
10089
28955
6236
54323
38371
18285
56199
44864
3230
17960
44966
5437
5302
18884
8778
8540
47626
52676
52482
57055
12610
20583
2460
28333
13528
34606
13059
25943
40485
50544
27097
48371
54148
42270
65056
8399
34492
49244
11105
32200
61448
27912
353
54654
62448
11043
30948
10176
64280
37070
11911
58545
39459
8867
260
64545
55830
51359
15861
26571
17113
33203
42876
8707
21089
8190
53999
45200
19898
28681
46326
50524
47995
11402
15179
50949
62788
35974
15685
10969
55644
64119
47125
26263
2490
36223
17729
32067
6542
9219
21510
3967
10949
1229
27474
8231
33651
39129
19696
4254
10186
58474
49985
23751
27198
9321
15513
28435
29067
17804
58008
49252
57309
27377
1143
15109
49107
60192
42371
46261
7507
30181
8516
18705
23738
62969
37551
41599
27407
4017
28176
54907
57359
22716
13950
23190
56444
35831
50613
40386
13013
64851
36854
59081
48633
22707
60142
58807
64551
47301
42614
10682
12528
5950
7628
12121
11398
26623
38400
47414
12229
31227
12931
65454
40482
2258
63808
39547
23074
7301
56050
20840
18996
27256
27278
23606
18804
24324
19657
10770
1778
65327
57329
54853
54284
38321
41634
45541
58159
53137
59678
39699
49942
32251
9786
38448
17885
24963
50623
58020
43544
53877
55876
44704
41317
45319
35321
61957
12522
30936
36641
1159
22595
35467
51650
28746
41813
49071
12731
18865
28740
35361
43182
56285
56494
39345
33217
58481
26511
21522
40818
44629
45758
15288
1768
16190
7826
27361
16494
15516
54394
7720
4926
25451
23819
18214
10885
31115
44636
59803
20359
53187
40043
30469
5847
45446
25684
5794
44373
48716
23456
10657
4087
52584
54896
39645
39386
45787
42422
49936
38162
14967
9301
49761
49318
64739
63892
57414
52163
59479
56307
47576
44540
56215
33213
43508
10977
25610
55732
49287
23888
24713
18144
13095
23332
6135
59985
49951
58255
60787
49134
64088
61931
23970
10690
16037
63316
37982
29475
3820
51448
32391
32681
59163
52771
52351
51872
53628
21574
5601
8792
45969
34383
64802
52224
42940
33479
64067
64947
34440
30592
39732
39434
44239
47413
47944
39543
59763
1738:print_line
63562
64784
31963
8797
61085
52067
27592
8244
49980
61832
31148
14634
54096
21085
16166
13963
54276
62974
41528
57690
20183
25114
4592
30338
10548
19093
49787
64571
53758
38057
59433
11731
22507
18185
9861
54005
22897
25096
48826
62150
33844
26110
26057
38902
45256
45222
63076
62803
57716
53909
54523
60483
56820
12760
8159
31921
22117
28528
51704
56580
44846
43017
37711
33592
59822
40738
24954
7120
49860
61773
1049
4842
27707
3211
13833
52138
56709
61290
32271
14533
23835
49763
57164
56804
57247
58816
60328
39963
4592
13139
56372
53788
47756
38370
37793
17025
10377
15267
50114
60471
51811
55180
34479
61891
56565
32435
6263
10758
1476
8960
18402
19324
18261
53505
34879
36972
8619
3122
32238
14872
24875
35691
64818
44160
55575
13732
63117
63941
47121
52969
53369
29268
14010
25648
10364
41377
10185
28323
35071
33740
4376
8061
17332
38634
37709
10975
8677
1384
26647
30847
12644
2702
12295
18920
18153
13307
31063
9865
28598
23531
58454
48649
47693
54089
55782
53615
63688
63806
33492
36898
37839
56429
54545
6665
14661
11196
23161
24210
15638
19337
16990
41059
40648
49970
51675
46220
57452
51719
14045
5023
18249
26241
10641
11832
23705
49848
15855
1067
31309
9998
21638
52201
59731
50509
42586
58159
25519
6615
6656
22106
41642
17662
23559
35020
38473
42939
40348
39723
40616
55487
54737
21610
11118
45387
47001
18833
32305
265
62539
63525
1621
111
19183
43169
35029
7637
9618
6750
43862
53272
44928
13341
9231
52793
33502
41723
10983
25642
38104
47708
10182
4035
18946
28251
10515
41616
9774
30045
38039
47050
4396
3745
25841
26732
348
54781
21712
5616
28682
9779
42099
19099
29612
48578
44545
56430
48969
60332
40898
33391
11172
14193
5535
15792
15364
31193
21480
12406
50791
48899
30783
48291
33411
44104
38453
60021
49889
51034
29000
11723
9916
39548
35335
45318
40527
48824
60778
40751
4962
18062
41476
10531
11566
24774
32454
30429
22687
21695
25690
8326
14534
52481
37267
36056
37566
11163
24430
24614
45455
37991
60151
52839
43662
55605
40027
21896
37897
44978
30151
26463
4136
16577
9554
24661
13352
65294
5166
13805
53278
56650
40652
38135
38016
46399
47319
47161
36328
38003
58079
42769
37927
7559
26750
61964
56324
14327
7125
30563
8926
11602
62527
47498
50382
58969
57395
6843
25999
31907
45078
57945
53248
29916
31155
28293
11053
12786
43186
55786
28193
28795
37579
34748
58526
4735
7836
55513
52975
36584
20739
15953
48735
5933
25124
4752
7715
62513
45386
46643
1923
28050
25441
36290
47396
37132
52523
42215
19105
5674
24485
17062
64433
55124
62278
45751
36492
50856
43687
51923
17085
4376
53745
3807
8850
42637
43270
61852
36789
50511
55357
65473
27188
14555
15974
3983
25893
26718
51160
54566
6016
6277
15736
13648
28096
43062
37412
8964
436
16957
11149
25207
58725
10207
6718
65153
60041
37195
59072
37589
45532
54003
15064
55098
45001
29093
16166
52929
14639
30627
29158
31350
59247
39774
62677
37482
57188
114
58445
37966
63503
50085
9123
2032
26904
31790
10092
64189
31519
4157
49941
37883
17854
34805
48643
13108
988
28721
5782
28358
59608
64997
3397
4025
11893
7471
8546
25338
29578
7816
31320
18394
40415
58458
39013
6436
27456
37695
30266
14158
63305
52822
19646
13567
5778
25817
19131
3680
12564
10032
55871
60019
50746
45292
42521
45465
39119
46372
44409
58845
43473
36355
8010
6363
6414
35609
47263
47925
33848
62857
55130
35717
26855
38383
41220
30038
29194
7132
17601
29724
34355
59779
34873
24290
22057
23555
14120
9918
43682
45227
10790
20570
25672
49062
63143
29578
31213
60399
60367
50649
40508
63983
42434
29378
9472
60427
42771
2199
59513
60043
33
30711
29203
62619
49625
19540
23773
13913
31380
4978
29412
23575
36826
54970
35585
25793
5939
44100
30399
21799
19377
9897
24985
61887
34164
35845
34632
28382
19662
32481
16774
22789
15706
17866
21006
63852
49535
61175
45777
39478
47901
34655
54928
65119
59258
27779
11645
7991
58037
50101
23625
28812
12940
20063
11083
52933
60606
9879
22192
28390
20415
27943
7563
30900
31135
15103
18867
19428
49870
51934
3467
17507
21570
52912
56658
64307
36079
43818
12448
27679
25016
3955
46605
11131
28010
9883
3629
33294
56150
56827
50788
54648
55330
38621
65158
38886
47178
26876
18620
17735
44409
36239
38520
55294
33840
28854
18110
57635
45478
42777
58864
62310
56857
55763
63367
53431
49787
40659
63786
39482
48074
36838
18887
5642
15315
8849
9808
32226
133
17653
25007
2939
33691
2883
14674
54656
32783
58413
9234
20100
10109
23465
36485
9114
21262
27614
26796
35205
60585
34614
64519
38853
16635
62852
62484
13138
23076
22789
46907
52458
14655
1802
61608
58999
39244
52584
45575
19569
61249
42946
50584
55840
19239
30437
21949
13619
8598
26406
17576
6255
59566
60971
22436
28106
21086
31787
24406
8319
30496
16482
15085
22936
14109
47239
62096
48713
59384
29655
58387
46439
4023
7755
48290
32956
61433
25083
22168
34834
44688
56265
54440
57654
2948
2510
7840
62973
34373
43161
4301
16840
3213
31945
57027
24504
16377
23772
1837
51118
5441
18340
31378
23434
65088
37730
62357
3243
26200
42935
22095
12028
61206
64466
2740
28319
26718
63577
35527
34629
30523
9045
62816
61055
18082
18085
24972
25735
14210
31184
51055
42161
12728
19119
36114
24316
2532
47950
57591
20166
53739
33805
10906
15784
38501
34646
46892
39183
53360
45189
29385
15433
20142
64274
43626
54045
12295
13976
7888
20554
27842
44560
45951
51823
61886
35522
1371
11611
56226
61598
47259
38639
59644
30967
34263
53263
11371
18197
60581
22301
15381
23428
1579
53307
14642
1980
57473
33483
65494
28092
5874
14044
7373
59984
52850
37481
38468
55901
25194
48776
50553
49354
42969
20538
46414
41511
52537
36026
41576
9123
28944
33631
40600
15359
30167
2237
25677
22961
41829
34007
37419
4538
21183
32582
51016
40216
4067
16495
62671
10438
8720
47946
60204
65152
1659
14356
51913
60988
37603
48076
46112
26012
22356
18573
14070
19833
63036
52323
15229
27922
3934
60457
49349
1117
18084
11154
43659
63288
11604
36516
51421
13178
28360
57915
27410
26488
5981
27449
29677
52331
55092
29769
20003
30877
28495
30333
39718
40357
44992
64707
38631
38016
59313
13304
61034
62390
41522
49458
64139
9440
8265
7525
16662
18500
55673
36474
9416
17964
59435
19187
20641
45175
58335
55163
23955
14032
53350
55544
3711
24050
20253
64846
65453
55922
61265
38369
31739
24585
38248
33615
53504
25686
22873
64966
36737
62247
26236
9132
56032
19449
1424
57947
35473
5699
44997
45116
16402
1496
14890
38487
33895
64996
51309
60429
49233
55828
31303
23253
28255
12127
3651
27950
23885
8053
12467
215
52857
57082
48691
44979
57217
11993
17275
41758
30018
1303
36826
62177
4683
33125
63533
41286
51285
15044
49164
35179
798
14052
42027
41841
43752
26909
23379
18528
32305
6425
5627
27908
41813
6068
19411
9541
29905
52255
3732
14959
42022
36852
58882
61342
45944
59938
42362
7350
60902
34219
58046
55254
1869
14327
2971
64506
50086
47999
47860
61674
52398
50831
21171
13032
17902
13524
13041
56573
64886
48981
8883
23387
57117
18850
32536
60937
43043
50519
1990
30237
31224
2237
60171
8811
14786
17132
6495
11789
63091
42278
36586
45036
2374
22355
15438
47449
46859
24881
161
17923
30607
28669
58040
38584
44913
27875
15076
18807
44785
57317
56267
52811
11363
16865
30872
48662
39201
60371
37352
48096
44371
39003
52299
45816
42840
45308
50364
61437
8055
19735
35747
52796
27389
46410
56157
49268
37841
20479
60457
47898
19317
32113
54039
42984
39000
59748
37347
61059
21084
12972
2077
26747
43419
20083
11622
50707
34180
17326
41956
62101
53199
52656
28498
8150
23856
29423
8818
42943
8955
10668
31915
12170
14629
62587
39381
63772
56355
1919
17250
29455
16253
4605
28967
5509
21435
60094
55849
22100
24215
8984
30288
703
63904
21069
2245
25402
29277
51020
59084
54522
33853
53515
46438
11553
17497
39814
46715
25739
19571
21936
39411
64716
53067
7623
27945
52732
46403
21662
44638
42305
44831
65473
59903
25864
1171
64680
56237
6299
21656
2926
61285
54330
27607
10520
27482
50557
55138
21478
5795
1748
62650
50710
59129
55137
57061
28136
21299
16443
8671
31511
44267
64012
20381
33539
46176
12134
26151
2272
47581
37472
43482
43570
64840
47057
54027
58614
54569
7325
10680
11882
35624
44074
41870
44160
48724
2877
1122
8650
27709
26267
57314
52269
55648
34024
65016
33509
48159
20031
6781
3518
26263
805
11427
34827
57034
64018
46697
7146
50761
35875
55348
64141
28248
24521
14032
25662
31685
43511
62323
58319
6382
31589
23068
53265
54348
17054
5603
7513
44332
34748
50451
34485
54165
4558
31862
16531
1933
56572
5864
17657
15002
20196
60103
13206
23291
33301
62226
8648
52207
39895
31692
18199
59238
57751
33085
56909
35320
18605
57013
62448
63193
56829
34679
53944
53754
54066
37822
38203
16393
13506
458
3103
58761
46004
43329
7539
18280
29315
55936
34606
22966
215
48010
15751
17391
43210
35838
30511
22562
26181
63015
43642
54965
8441
10555
44690
62882
58919
20569
13312
39127
54872
7915
57859
34368
59753
59296
12070
21529
13864
23843
15133
65406
19095
28178
61621
62772
48190
48032
37206
63348
39963
51703
20811
25270
43639
41632
50523
56690
33417
29065
5251
43893
30501
8612
63149
48837
5062
56760
41657
40679
44545
20482
31777
30708
61527
49095
43116
25109
27718
54272
41542
48864
14568
12853
63577
42646
45869
14600
26082
61352
57483
22879
1585
5863
42445
48565
39960
41378
53874
23701
18277
41156
58322
34196
50867
35746
18222
38384
44520
29754
17442
13330
2299
29886
18883
24837
39311
51034
63803
42282
45002
54025
58198
64334
39002
43681
39569
48426
52969
56886
37951
29624
50225
39039
15257
30189
52593
13457
20775
13806
27073
41644
16681
22764
50455
58431
55221
38783
42976
62326
55618
47229
52153
46089
31616
11453
54237
9674
11031
34984
36710
37596
36378
50732
14528
6962
35678
63853
43644
13539
24879
50956
4318
16697
19332
7490
48780
26931
24433
61906
43858
51159
13016
17454
24361
6554
62583
22044
32441
22863
895
21045
59160
45991
19711
26083
52381
36345
46114
55542
50455
46752
65261
40386
57261
43939
28157
39516
63804
25574
8674
59171
9881
5111
50976
50403
44606
35872
59641
3745
9719
60484
60230
53459
16176
1838
28676
28914
24627
45286
35805
43614
38173
34823
15682
1206
16003
530
30911
27067
31562
36368
34354
64329
10054
25430
39328
25383
12138
7921
7761
34506
37752
58939
20504
32752
38262
36115
63462
63378
40778
27297
39924
62463
2601
10333
63562
59986
42293
55679
65193
24679
21880
18429
34068
53493
62975
20686
1422
59306
48361
5737
42771
52704
32013
17369
38462
64082
65231
53474
35265
33018
29984
25988
56146
8:stzncpy
40729
51295
24083
3496
18048
14653
22657
57641
341:idle_string
1475
15372
23510
3602
20826
28191
50582
47511
53889
27309
13051
58582
1941
8399
61180
47923
62855
32068
7299
63600
57499
8980
25616
32676
48860
51723
64867
19167
10016
11525
9052
63651
54020
50627
37027
51454
58737
17759
29565
2097
21755
14526
57449
33886
60033
51064
3863
24907
30027
8725
24419
30562
54506
65290
12768
17123
5410
63725
46478
30139
5946
36348
30824
20847
19272
2021
21994
63165
38845
16548
28978
45875
55096
62896
40038
47125
64773
42546
56309
31260
22426
44053
47720
34538
22926
11146
21135
64805
53495
12742
17159
6307
32941
46418
4168
2855
24793
16224
10489
49822
38200
47627
10019
17304
35487
32886
18689
5329
17030
10360
287
44465
54083
35625
15343
14125
34809
43410
55686
9829
18691
43307
18979
3653
47462
47574
12571
3200
22584
56325
45828
6773
49110
53012
43280
42733
18281
417
16851
13089
32052
64976
14251
13455
40256
50637
50053
16965
28862
17927
27505
3718
32429
15867
44430
55239
20842
35952
44691
39588
41341
58554
47479
52288
2022
6949
61771
49549
36587
19907
30358
59483
60346
63412
14640
26404
24377
56547
55186
46564
38066
33361
61643
57386
45412
34884
43399
37829
48971
23261
20224
5660
12201
11346
3138
1055
1001
986
19534
48611
50423
23518
63690
51664
14469
23485
14729
46586
34430
18167
14494
24471
41552
48359
40213
58734
55297
15269
30847
39605
58283
25630
41402
44941
53988
33221
40362
21456
19042
45252
51407
64426
1273
6472
8464
30808
17210
56104
48508
17030
30601
47905
44556
61205
53851
34082
1809
43147
55473
18990
12574
53611
8438
12897
2595
12552
5158
5972
6307
58097
57315
49165
42763
39980
60161
40296
60199
24210
22833
58138
51449
51135
38504
52871
11156
15461
36283
54500
53883
13475
21224
24535
36105
44041
62363
44536
61433
15800
10963
52833
56064
62934
50125
38013
21791
12504
40889
11101
18250
3495
14064
61151
63269
50600
19607
25264
1963
15170
6021
41857
56577
33935
22810
4766
36666
43029
16157
9247
23322
28844
1265
64251
3436
15770
21210
1616
26557
39342
38794
11240
2152
5152
23868
12379
5732
62680
35488
20707
12310
17555
44051
2:c_isalnum
36633
52515
2:c_ispunct
12231
29512
2:c_isspace
62461
44635
2:c_isxdigit
64087
36936
9:canon_host_r
65375
33741
14025
3990
11226
11602
33412
60789
6878
12:close_stdout
18342
4717
15125
11866
47514
47335
48473
38478
56079
36129
51612
51845
7:hard_locale
52697
36133
61685
56868
51321
47634
59312
10:imaxtostr
6959
28300
22822
51338
52431
53916
32883
17393
23765
30536
9:set_program_name
26506
12609
62633
51783
4198
18848
58715
34800
61739
2:set_custom_quoting
5583
6080
375:quotearg_buffer_restyled
52330
59182
34414
63845
53136
40444
55607
63351
36825
36825
55548
10313
6780
32768
42591
43221
1792
62638
43279
44264
47733
199
11371
9619
53216
34339
41169
12000
18155
42191
10690
11609
60764
49147
16676
35201
52177
59618
64019
791
4607
9973
13341
22336
15489
3087
17539
23807
58005
57159
51158
50856
53360
65467
52146
62064
57098
62865
35137
39315
46881
39800
43182
33543
33543
57165
57165
32801
32801
32801
32801
32801
32801
32801
32801
32801
32801
32801
32801
32801
32801
32801
32801
49680
36104
36104
36104
36104
36104
36104
36104
36104
36104
36104
36104
36104
36104
36104
36104
36104
36104
36104
36104
36104
36104
36104
36104
36104
36104
36104
36104
36104
36104
36104
36104
36104
36104
36104
36104
36104
36104
36104
36104
36104
36104
36104
36104
36104
36104
36104
36104
36104
36104
36104
36104
36104
36104
36104
36104
36104
36104
36104
36104
36104
36104
36104
36104
36104
36104
36104
36104
36104
36104
36104
36104
29116
4356
23713
10675
17338
5081
54562
13977
1016
42512
34050
50303
54407
18838
68
16823
37362
18087
53939
32879
25227
12
28609
10992
6901
62827
60237
49558
54195
37326
52148
23306
6026
6026
6026
6026
6026
6026
6026
6026
6026
24201
18171
34496
44578
36204
53511
58574
65427
44609
42597
53991
38714
61745
23064
48801
13443
25012
49793
40933
48231
43401
41211
38933
55144
15172
7034
46799
56675
26016
21925
45817
33532
19317
31600
62893
50600
26172
29135
33026
61468
1673
489
21853
18867
31691
24468
21977
31035
42048
62380
5638
25701
13920
41168
39726
41481
54162
33931
8623
39509
30419
3130
29907
5356
6235
9727
9727
9727
9727
9727
59249
59278
49131
44503
57781
2298
61745
60749
31515
24480
27853
31303
26755
58101
41621
64817
42394
14778
17942
61998
57749
33812
62890
55096
45093
5406
9963
55039
22708
1544
20946
20705
63039
57918
46258
36373
59575
17774
36847
45046
32531
1403
16796
13609
38330
38519
50381
35098
41987
22051
17160
54346
63133
32854
1702
32468
64839
58952
38353
63870
3423
14203
41725
58801
49150
16147
61418
58762
43892
49308
54364
49076
16901
25973
38357
45733
60601
35692
32386
15109
59679
5232
7007
54965
56284
47821
64531
10716
30619
5230
4058
61218
45170
14420
22534
26211
65329
39454
43325
22292
8156
22275
54990
38420
13923
55901
10788
43012
38906
9:gettext_quote
4822
13043
34993
59414
7536
36036
60895
9611
59324
3:quotearg_alloc_mem
41414
36138
62897
12:quotearg_free
26604
25747
48737
20973
6879
45872
47461
52411
47198
8549
32137
32178
14:quotearg_n_options
31061
17671
19180
18142
27019
24421
4023
28895
10198
17581
18152
26897
23030
17672
2:quoting_options_from_style
27771
7154
25:version_etc_arn
11544
15195
49128
37742
34875
36509
62811
35081
39101
41575
33431
44384
47473
36516
44625
9302
56563
65435
35375
52175
37921
48131
54185
37443
56983
3:version_etc_ar
22117
2350
21825
43:version_etc_va
51678
48988
5627
63742
65096
46298
12377
3983
31881
804
44085
64491
2959
11886
22770
4912
35105
49783
15572
6052
76
22188
15153
19693
26675
10023
52487
21294
34812
61708
8789
23647
23047
42515
19837
1386
17014
23445
57759
37983
14808
24166
7461
2:xnmalloc
53975
52380
2:xmalloc
17371
20845
2:xnrealloc
53076
48943
5:xrealloc
11039
26307
57967
26624
31190
8:x2nrealloc
8633
29545
19684
26039
11439
64524
44335
1597
2:xcalloc
8907
28815
8:extract_trimmed_name
15091
24340
27065
43256
38454
31208
2089
9909
196:read_utmp
63785
65398
6396
454
4036
9736
6968
9088
28697
22288
21584
64865
57220
55557
37616
42498
59243
33576
60108
2338
27679
38280
33201
19403
16016
13770
37493
60619
64126
6391
13017
29505
4083
23470
38313
35803
51083
42163
38999
12831
28137
21891
15391
33779
8812
28146
22559
19023
54642
57235
39245
3756
15277
46609
33146
56162
36760
60315
24491
51931
57944
8499
21586
1365
57121
40049
14574
13237
46357
55793
47515
60801
50947
2006
20691
16870
30393
23365
31022
15906
8184
17532
4764
20777
38953
39677
21505
24203
23331
8133
15394
64495
63182
45313
33089
49289
42404
61544
22550
11160
4977
50170
61446
52014
43084
53172
20469
28308
32829
48811
64616
43094
61076
30709
6945
38564
9614
23435
3200
10468
54511
60680
40802
60291
61600
5236
23736
26277
54678
57039
43765
42551
37120
64699
36026
58069
9120
32576
55439
42453
7189
47522
52149
58251
49230
9312
25675
7410
39546
36061
32174
23153
23614
17357
12473
15398
57451
38813
31439
4540
65105
14250
22358
51304
43518
26630
48358
43487
47375
53331
64033
7129
28038
37351
57595
3141
53802
64828
62634
41245
65329
10210
19804
5604
31452
44961
13288
19494
18439
14941
50624
16737
5527
54719
15984
43748
14:desirable_utmp_entry
31819
15946
40667
14521
10921
13730
20212
4826
20667
22668
8916
2412
21158
64989
10:c_strcasecmp
37523
46062
26183
63455
35263
13307
34444
38585
58739
19401
878:close_stream
24273
25771
3957
24923
5551
42093
65063
52164
50752
29396
17731
2510
34149
36295
5341
10295
25217
58884
42982
12939
40769
47640
35310
55185
40226
23085
29660
65069
50214
38852
46800
64980
35551
41124
13997
31578
5004
39156
40788
20217
15986
7603
34406
49173
34710
23782
8546
2243
9912
56753
56473
38264
62693
38227
1680
54882
64866
42846
38917
52741
33943
58715
12102
28497
44232
2481
6342
25074
20038
27816
4992
645
28937
27634
18936
11069
13870
49023
42251
40748
35166
52008
18564
26273
57932
42850
40362
57401
34017
61808
8561
28671
36620
46699
11126
13187
11242
55079
49858
61968
45345
46871
27833
25509
28616
14126
15870
44849
51715
57251
24949
16965
52850
52653
35789
41133
43533
60496
32918
38359
4726
31900
29689
24867
48374
46928
40914
47730
41891
62118
49127
39164
3095
31209
14302
46728
49638
36099
55692
14160
45796
46474
58734
33587
36334
26716
15840
37173
46506
7890
20091
15693
39736
34372
24617
31764
21806
25579
8839
28914
41030
57698
34518
62306
28970
41144
60776
20204
2917
37061
17569
32033
35151
43338
55883
49485
65296
3053
22951
9500
52261
54304
26487
25946
21840
19765
30261
843
30765
3628
55298
48096
24066
6775
56755
11019
2868
38867
62047
45601
16442
7588
35075
57875
22830
49023
43228
61659
56183
62512
44387
55030
18013
15694
51812
14334
19710
54918
49990
13638
24879
18640
52483
33692
53347
11395
6965
32848
56308
46233
31022
4660
23268
20256
39189
35116
35410
63667
59868
61216
39860
34275
2957
7580
8499
7459
30480
59681
63261
9082
16994
1741
29180
20929
55454
55331
43847
48998
60289
3400
60931
56207
4114
14642
21034
5776
23583
44664
33201
5294
3898
32369
26018
13330
54917
22826
10326
57933
53201
11561
23485
31357
17253
29341
12573
32085
7571
58282
48586
31815
43995
38249
5
10017
23108
1075
20535
35910
43275
258
31325
16269
37494
59891
25171
52986
41904
41768
58986
15615
62411
61877
31828
16544
17501
11410
20317
51520
39523
24060
34618
55522
49544
36794
12299
50780
37539
48070
51847
25464
59534
58513
8793
16149
10026
26231
3030
19132
18345
40171
54298
54569
29642
10619
11037
53093
44652
44867
63011
13361
49442
43061
40107
39653
18634
1891
6836
47780
56544
59214
3449
20079
50730
33303
1082
54902
34131
50256
48005
7631
48951
38005
21268
17314
5414
32314
29307
62043
58201
64475
64819
56110
63696
45296
64714
29467
6989
40086
43397
31016
31796
19597
49970
34551
59268
11207
17200
30136
3917
56995
27831
15800
16725
24626
49709
44098
32809
44501
60901
46387
16061
22333
64096
38930
19219
56572
37289
57411
63090
27864
26319
31162
5326
21590
27325
37053
54030
57787
37173
5715
52825
52658
48033
60800
59990
7698
18770
159
14833
38769
38398
51801
51733
61084
20947
10160
31297
58034
44216
5978
35738
50613
5743
29809
59438
10503
19477
59658
51338
687
29409
6148
49590
61490
9720
20747
22072
28825
5374
6808
56584
56043
52338
45193
48975
28407
30020
2317
21430
25809
43824
52170
40939
39227
22735
318
13958
50925
50990
43102
39726
35025
56639
58674
49868
33279
65075
6198
30664
34896
30051
31627
11565
29734
27126
47534
62687
59344
56994
17472
23788
13673
23413
25463
45180
62126
40472
20078
18796
36865
64991
62211
10192
19788
20724
61630
59433
11124
29363
17308
53643
41334
29507
20496
45547
49827
44858
29262
18685
37838
38410
55951
60999
45845
10783
56078
55003
22477
5079
2173
43935
60285
32247
6974
39674
16191
5204
47428
33652
54690
53435
42506
57129
41121
19907
47010
43371
32979
53029
62134
11420
4091
59871
43985
60703
15352
29917
70
12044
45382
59508
34413
15112
22029
35390
18785
23254
23719
5069
13475
44025
61518
8073
1919
45072
39316
64599
25280
19967
34425
55856
56551
54259
34839
34232
21210
18450
42525
34075
45194
40419
41573
13350
22300
10256
53037
62267
62866
45942
52059
15206
16535
14191
24463
43116
23144
24624
26963
23123
12003
4787
20636
8782
11418
43205
38991
60061
10159
17719
41106
29844
19785
9537
3820
32086
901
12866
13080
31527
6313
48662
47668
56273
45523
47510
25574
14881
52354
45106
957
42950
42319
6369
26123
25369
62201
35992
54866
51169
15139
6505
6739
7492
22646
24067
45813
35821
3554
19341
14781
51794
45218
49616
59224
4792
6527
16703
9298
23795
60531
31890
29652
41305
50862
55330
26216
10649
6849
13355
43977
64450
39272
9513
15639
63554
41755
47269
16943
11204
7353
43839
49104
19010
17263
27313
20272
16906
15089
10406
13011
24479
27635
42112
40370
62827
33277
52277
6024
20171
54618
12676
10158
45409
57353
52317
24608
15040
51386
59391
21054
26889
14106
7765
27413
55090
6568
9516
10390
27189
4925
35905
33493
42268
62322
61019
6166
23194
10285
31769
63744
1057
13550
53038
40798
65217
27362
16331
43316
64766
22188
45936
35922
20901
31294
1147
22341
25068
12805
32117
4135
57463
33522
63518
55069
4630
8078
4659
41929
55920
49419
12383
5838
31027
29052
15455
32433
31561
53665
36640
34000
15442
23869
62860
57819
8965
8320
4529
5300
24948
791
51734
51110
38006
59182
64590
25081
28331
35152
36467
37079
42162
37337
47648
56595
47044
20696
28317
32420
14930
18137
36779
54616
47984
44529
6167
14942
20684
61934
33878
20850
46848
44403
39395
34037
45075
61318
35955
58142
50698
481
5055
17601
3503
10184
35124
37238
54814
34495
47456
14257
21823
21579
28084
26655
27382
13840
10057
48066
56455
65076
1322
32688
23558
11828
56431
43315
47502
6512
13:locale_charset
44803
38251
4944
26955
18579
39116
36887
6134
23380
57045
5793
32103
65303
53:get_charset_aliases
39228
39202
53129
51481
63811
63893
62644
58761
60537
55112
35747
51553
47688
62533
28488
62290
22302
12764
50307
39125
61895
18604
47724
22866
12833
20319
20319
20319
9145
31406
41280
23145
13684
8914
14683
6149
33113
57721
63741
14525
16325
6137
12241
32366
5064
56044
56527
57164
49938
46018
55232
10451
22291
888:rpl_fclose
42459
39745
29807
31602
1606
268
6381
44
31181
18958
64334
47696
64628
40506
7174
34558
65269
51744
40140
27866
61829
65105
36643
62503
60303
4461
55
10765
16253
7624
4905
4119
23895
12435
14062
55251
55856
47487
54129
51383
19503
3068
25218
29474
64645
64724
52843
57227
44651
51988
2762
15844
8363
22501
14777
62181
48878
8562
902
39825
40470
61198
64761
48119
22982
38151
40336
403
4861
978
7501
18383
55503
49133
2793
60200
55846
54846
56332
48657
61545
43204
62728
45048
7843
61812
56570
7687
7655
18171
2677
20365
5915
19320
49288
22804
19440
15979
14679
7327
686
25086
58524
63576
16120
2787
10046
19071
29146
10849
12776
3301
37494
43084
53847
39272
59485
1429
3125
61023
34287
39910
18461
21665
26803
17597
26907
13596
1932
23744
16051
1025
17776
19889
14549
15051
412
27484
16411
14004
16668
24394
16380
21475
28495
40129
55316
16906
24125
55191
36868
56803
62513
55540
17211
26003
9217
6385
18
33591
53719
53376
5431
16065
15471
14080
18914
29633
19297
46757
33579
55664
48640
52051
32740
41556
64595
28790
24108
57891
55011
43230
64115
37044
27854
57132
54255
2672
2191
4361
25523
9686
498
28065
57706
11297
12334
16359
11038
4864
32116
10888
23939
31824
54184
48598
63494
28100
28469
58517
34087
46128
12201
25941
1914
47616
44356
50575
64228
54380
44816
52170
28147
9236
60833
32473
11245
54748
34284
12164
62366
63617
7510
14156
8562
7716
27579
9183
13372
57090
51346
38155
780
3313
47042
40031
45319
44579
34159
57311
57223
44328
38746
61630
5600
43161
45590
30948
227
13821
39399
34837
552
32290
24007
51342
51685
4323
14747
15181
10794
2269
59626
33996
49443
18333
1784
30898
16989
49303
44593
46199
44110
60577
55340
24066
32709
4716
16019
32029
5232
6280
27812
25355
31483
15550
25220
13053
19330
63478
28373
24818
42273
37470
36368
56073
57982
56872
52358
48745
35907
64988
16787
6390
64457
22579
9578
32995
44629
21734
14418
23403
40338
40904
22971
14856
14992
62774
65494
65255
45947
41945
8837
10371
2503
5874
1844
8972
30851
23310
42318
50862
61489
54135
5302
9782
2947
38215
34615
56413
47615
63410
42978
54799
19093
59452
44622
58940
44853
9168
37465
34596
65428
50974
60900
45552
64261
32281
10230
45596
5056
16640
37445
35067
11643
1358
4421
6088
4022
10145
28617
4710
26045
24309
42411
63500
49716
55826
48506
51466
15011
20711
38107
38843
17202
20673
17227
23984
30624
20660
5411
12346
31868
29344
14483
13585
28991
40248
49839
19186
41665
34273
17082
6429
22365
41604
56417
55906
41810
24216
40942
43891
37112
44281
50626
35099
59798
8630
4348
53734
64725
44317
49160
38697
13496
52057
46543
38192
37348
27848
31520
8836
62699
57465
21296
5056
4005
63650
41932
39687
31576
14531
20841
14098
45092
9021
15629
41088
52946
62130
12440
13490
1489
20602
22574
35863
37586
20290
22812
25751
5688
32686
31024
22756
35785
54283
62612
44515
45640
62326
44008
36268
10483
12624
32216
17855
4163
63492
43756
276
65297
55223
6647
9149
29425
152
4886
10879
20260
26680
57829
48570
57230
55494
24696
24275
10884
54792
59070
3600
16742
2514
35898
62964
25756
59090
37547
60807
44111
17597
37592
42377
22418
5907
31153
64103
57084
46841
54042
39469
18283
6801
53663
61355
21599
25859
20904
38460
37736
64063
60176
64328
64685
49375
57454
34304
35621
41308
62646
61181
28432
2562
61764
41992
28204
57040
49959
53751
55530
58117
60534
38061
10065
30150
33904
23478
27822
49238
64560
37377
50781
40676
11791
25144
54091
4833
9477
52898
56198
46159
34854
56921
2203
20323
58269
12149
18925
25719
26487
43590
51502
42278
56303
36615
22294
45966
39911
31183
30933
10247
19751
25600
53568
61683
41660
36967
58289
38067
40641
31085
26040
15561
51002
40696
11291
44306
35229
33047
61667
47612
19740
21446
24249
29646
20090
13561
12802
31191
18638
17720
6744
9435
7672
1668
31619
7512
22199
10944
19518
56288
22713
17784
65136
60184
53403
52340
59468
59515
59030
44774
36124
64992
4263
963
57914
57510
53474
51334
40748
65444
13490
23633
11762
26416
46839
28368
13786
17280
13080
34061
30739
752
46475
50978
13029
53924
35698
27438
6825
43269
7490
9136
52791
43341
54440
25518
18679
50938
55412
36550
53504
52247
11931
24589
23074
40309
35694
1460
12389
7251
2354
10157
43401
56177
34383
23953
4973
48181
35482
5987
15388
3259
53523
35352
60246
15408
14127
59629
38518
32840
30360
19751
5673
16064
18878
7517
2474
16080
31099
20628
46418
61053
54829
43747
7356
63143
64148
51660
36187
38205
23937
1603
26913
30459
49535
33825
54415
53416
56036
31673
30359
9433
57702
61880
21796
31536
29330
30503
5447
1538
48758
38841
5251
4539
16933
17404
6198
58169
57733
22033
6193
18959
11004
364
42256
64894
44242
16569
8906
33170
19255
10938
38059
38848
21722
6805
5196
38423
50589
55343
11967
10258
33007
48749
45878
54885
45420
10458
12455
65205
64500
57157
55777
35096
49275
21934
32647
27057
6064
17379
55325
45097
51084
56816
3480
26048
15906
27461
26363
53566
62434
46109
3933
18147
51485
30324
10624
37303
46562
2571
21155
8017
59715
43296
12996
42844
58061
1728
20395
50313
17205
24602
12222
18055
217
62017
64915
44083
56927
49658
5725
8098
25437
21538
18397
23332
19094
40013
33294
41322
50458
44019
43300
64232
10042
56866
44971
32817
62160
4546
53682
49771
48487
56695
64196
21609
22888
49817
64974
38645
61833
60612
10239
3774
9596
30719
7929
34624
881:rpl_fflush
28805
9083
64709
32974
6249
1558
41525
38857
43830
65464
42485
13774
22946
60728
9482
24577
36552
33826
3636
7199
19516
45989
44506
3485
21770
7923
2601
22908
52879
31041
25948
25521
12338
2057
34663
50769
21979
12389
45576
8231
20789
28839
19864
44989
49116
35423
229
16964
10563
41877
43936
44244
33015
37020
43086
35993
8392
5452
23778
13287
5130
29732
18463
1988
31277
2723
36876
36975
29042
31191
5437
45254
62362
10830
59131
58016
31317
29761
31990
10481
27015
14915
3228
36465
42875
57641
41654
46606
15019
29359
12264
2763
23090
57533
8138
8980
56189
51046
48858
62796
62519
4345
9145
8527
10244
18810
13679
20844
37776
11345
31353
28559
11061
34661
13785
32241
53785
63017
26232
15489
12564
664
29136
27386
55890
56167
29771
4248
4851
49947
64332
33577
52014
48001
10240
24565
49399
47181
22439
40390
47824
42435
49834
35975
5805
17809
6436
23060
64620
8717
6985
57477
32978
62043
6922
17052
64475
62726
17962
28599
22099
29747
10055
21646
40684
54429
54040
58080
30210
10141
23230
47366
36585
29870
11731
1805
5418
25130
14231
56597
54116
51442
55662
50573
40200
63417
48915
63006
9084
38512
60026
8267
24244
42657
30239
139
49591
62305
7752
9246
17954
24465
28470
43854
58758
43361
9028
18829
53315
22885
29329
47079
63272
41152
2828
11299
4597
24986
12228
60620
42352
14360
192
37817
62178
54185
37282
39300
56082
37119
43030
22124
5786
26441
52113
60698
56558
51119
35513
46211
53993
26919
21188
40465
60391
38839
5925
7842
58882
36133
48102
4337
4901
32419
4048
20533
23982
24075
57793
46695
34023
29372
5648
29456
41993
37887
63332
43335
50858
2822
8023
49266
50711
61109
53674
58232
54182
54954
45839
46225
44469
40407
61768
49920
25968
1505
23246
22019
38688
48061
59430
30340
26484
49218
62647
55688
32993
38965
49739
33137
51941
62333
59989
32125
703
6296
44503
51978
65349
26723
13972
24758
24830
56593
38531
64047
55773
42321
31752
61494
52400
25460
29704
3332
13974
7111
18144
4221
19167
51043
60836
54243
45897
59079
3462
29975
43150
41084
20830
5237
8160
43714
43324
48662
39074
37161
51495
39964
36618
22070
7387
9594
18215
54013
3106
27740
63508
56513
7229
3758
25565
25145
5344
52742
26990
679
11082
8104
51259
39859
53878
31907
19726
56965
60853
37688
45177
51880
14258
44579
33190
10572
11249
29947
14949
4601
64148
61273
47200
57378
48542
48361
58839
24239
45861
50953
58513
43826
17258
38791
54471
34387
49345
17984
61872
51882
61998
60725
39681
42596
36911
52309
50552
43503
53416
61196
31192
1971
30970
46275
56234
3021
28897
44595
17880
30918
1155
22513
11724
51290
43058
36462
33029
16852
9620
27543
19647
18073
55967
35521
47117
26495
9525
16556
60821
37841
16965
10086
56303
970
26368
61083
52481
1173
11126
26815
32073
17837
49727
51980
45117
52377
35032
32442
64419
53807
45966
55143
33919
31795
936
57401
55960
9646
8585
24948
17082
19937
52250
33864
43053
29002
23045
719
4336
29159
23452
29383
45289
62304
46259
24251
23147
54733
52835
40042
20077
14170
37705
30111
28925
22057
8991
10715
58489
61580
33294
58669
52423
14504
4354
8110
24782
13211
59268
56165
52217
37864
59947
5920
16508
9163
92
44773
36806
41226
7751
23705
257
36514
48965
63827
63167
38257
64735
48024
40637
33885
2771
2116
13356
7738
13931
20154
3666
21033
38450
45234
2117
1384
9456
50689
43263
60366
19519
14444
20608
16198
55265
25317
1295
30754
16807
36467
50121
50929
46298
41452
43933
54346
38070
65221
53982
21286
14603
31415
55877
60989
26948
8582
27782
64482
62694
28391
9803
26686
6120
15338
42752
60133
36128
3757
6230
55260
43406
43471
3655
20337
20467
63489
37250
16443
263
53760
28377
29743
9846
23415
28315
40858
47756
50097
62718
48851
36473
48127
22814
16534
11163
14537
13694
25377
29819
28436
22118
18743
18248
19092
29750
15469
20550
17406
23164
33323
52011
47454
56265
60801
2411
7522
27434
195
30245
39604
10479
32209
15804
12547
39806
62999
49280
29462
9731
19244
55177
33776
4711
22808
61931
24760
23369
6144
22280
8427
50223
52252
8675
26164
30290
48840
63087
41453
65310
28240
55677
57473
48913
35699
63626
64869
55098
29581
3105
22687
36633
48378
47456
50744
41471
9955
3552
33724
36163
56133
42515
45329
18759
3378
9014
45326
39404
54637
50463
38107
49915
58386
25248
15436
29087
63104
37174
19552
28165
41321
47900
41300
13043
3225
14344
10029
28797
20078
10727
34631
23201
27801
4921
7272
28697
29036
19755
13902
14102
20376
18956
26711
242
1243
16492
11556
8626
65085
38476
36704
24981
29369
15330
23192
31936
33906
59977
11401
23716
32979
5963
16611
22431
18301
59436
59783
46688
5782
29312
52558
27023
2987
29725
13220
63469
13145
21689
27414
12318
65503
9645
8748
62058
50924
51695
56172
55591
10469
10736
11622
32096
12718
16548
16622
55666
45440
39918
13713
21719
11
35569
40133
13942
27155
18043
37624
64027
39852
61165
16170
58265
33364
19552
24911
41684
50702
46418
23999
29620
38157
34364
41283
22159
4747
23669
38864
33049
15641
24062
28781
53442
47927
50667
44357
31406
36247
63323
13511
19781
47324
365
14476
59334
41687
53525
24930
2328
50494
65492
12064
10359
23042
10648
8110
64324
37121
52878
8780
11822
37168
44233
57984
31266
16593
56387
42054
41525
45926
48505
45471
52882
53962
12357
447
14606
24845
27967
3719
12291
10342
16172
7389
44105
57992
42346
11144
37120
3:clear_ungetc_buffer_preserving_position
7663
16138
25393
10:rpl_fseeko
55088
62198
56798
63625
34288
63915
32751
13738
31595
34648
