47
3:lava_get
5770
12765
9753
4:usage
28490
29530
1282
15650
5:emit_ancillary_info
12419
1313
62681
36204
27895
37:main
20315
27445
56980
26399
50047
5199
22672
1382
10119
7760
21469
42
3211
25845
21160
62218
49345
58216
61651
47472
14550
49954
43635
24107
34917
35977
53039
62698
52865
51481
48590
51676
61181
55642
53380
11011
14527
56:do_decode
25756
57506
65003
57514
46985
33367
38956
715
18099
54621
50207
6213
26678
46034
40232
2182
13141
6736
8206
53826
20252
24035
16158
28681
11129
25676
14860
34915
39082
48097
49315
23880
36938
26755
9040
20076
2983
15846
42721
35900
57534
39324
59054
16072
24904
40748
18413
1450
51753
9704
16321
50982
38414
59814
55349
57695
21:do_encode
51700
28036
56288
34655
15022
14635
60934
39734
55490
10807
22480
6896
26362
52903
64504
9178
23775
51307
30537
9313
21323
23:wrap_write
48993
43834
51103
33001
35184
59688
61224
30273
57135
64685
32933
22773
38053
63359
58996
55366
57031
55754
63275
51554
42340
45207
17998
35:base64_encode
19117
21698
51660
40086
16991
35540
41072
34858
8957
32426
44353
48670
57527
42581
47039
18032
15187
2208
2543
56592
51514
39481
48752
9275
10949
30428
28570
22705
12876
10930
56593
43401
28779
47048
28958
6:base64_encode_fast
902
8802
14935
22382
6154
46600
6:base64_encode_alloc
12935
2010
15467
22224
1968
47130
110:base64_decode_ctx
13249
16532
48201
1025
58748
35174
25037
7893
22288
33913
27577
19758
56835
62144
49134
56899
36859
3430
27509
51205
14242
26534
61608
1565
27670
50298
16819
39189
56571
57488
49114
62883
52031
2996
28831
25699
1647
13075
30830
19678
4758
25509
45296
57531
53231
38969
14510
44808
37997
43478
37942
58109
49439
40405
51407
48544
1076
65302
45552
16672
60570
45891
13255
57824
10112
29193
46594
36108
3505
18867
26045
22236
4821
30630
57369
35445
16531
32881
45134
51323
63045
38459
50872
62988
65069
44129
52488
20329
24148
8419
16256
7675
281
32497
47746
63392
2161
61595
60354
886
29318
17461
59914
61281
29916
14489
32034
56704
25068
18928
43:decode_4
51134
56240
26020
1809
19314
9492
46078
59959
52189
61262
44032
52411
43897
63657
24438
8088
46231
51276
27387
56438
39333
9002
5397
20378
26349
46173
54256
20817
45256
43704
42016
58065
51174
40419
47642
59263
40928
63070
60200
30575
16112
29832
43149
24:get_4
30607
21731
3433
9763
42100
61392
37999
33663
8051
3048
10345
23520
6205
15
20558
42687
64342
53835
46028
27032
2079
12551
42507
10437
8:base64_decode_alloc_ctx
17672
14798
43903
56462
47642
22009
8868
48816
12:close_stdout
15598
3590
55993
61200
21445
11920
9242
9122
45247
49103
61173
42435
3:fadvise
9974
5105
37175
9:set_program_name
24458
21496
15484
18408
3187
20294
13222
15877
41768
2:set_custom_quoting
4957
15302
375:quotearg_buffer_restyled
53750
34727
42267
33293
43821
37269
51517
46891
38426
38426
41031
43181
58687
12343
4539
59403
46618
47974
40079
688
10159
25814
53790
63425
32768
40142
54657
6378
4274
15731
60665
35875
27302
9971
13240
63827
35602
45086
33389
638
12843
26265
22220
19253
28173
3399
3860
29289
28443
15824
63782
54448
31504
21350
25937
29771
31266
130
7774
14364
18652
18154
8731
15653
15653
10359
10359
4433
4433
4433
4433
4433
4433
4433
4433
4433
4433
4433
4433
4433
4433
4433
4433
18231
31734
31734
31734
31734
31734
31734
31734
31734
31734
31734
31734
31734
31734
31734
31734
31734
31734
31734
31734
31734
31734
31734
31734
31734
31734
31734
31734
31734
31734
31734
31734
31734
31734
31734
31734
31734
31734
31734
31734
31734
31734
31734
31734
31734
31734
31734
31734
31734
31734
31734
31734
31734
31734
31734
31734
31734
31734
31734
31734
31734
31734
31734
31734
31734
31734
31734
31734
31734
31734
31734
31734
17365
9569
27606
28851
3278
12392
9919
793
20798
46469
59627
39662
55680
47729
3203
891
25383
27896
60665
53979
2102
1653
29625
10750
9007
49766
55767
27264
538
37158
58445
57263
53263
53263
53263
53263
53263
53263
53263
53263
53263
27053
8425
36417
53089
12396
46867
53402
56036
17269
22597
62784
58535
58179
44110
53715
14701
52269
55045
13957
16637
34572
58122
61844
62712
24192
29169
36892
58401
25852
28205
35975
34390
37498
39083
57398
60135
19242
19706
32160
12296
47340
35643
774
27283
27319
30401
4847
32157
46417
24079
16771
27207
62472
45404
61738
16204
47204
37510
44878
40673
56825
40310
64472
37649
14426
584
584
584
584
584
23960
17898
53447
62588
64989
31782
63989
43131
13000
23632
25722
2293
10921
36041
6222
5039
29649
10114
23652
23742
10001
50522
63820
52971
24583
46956
950
4178
22794
26685
31082
25409
7800
7740
7492
15970
261
9741
42352
36708
48929
43310
64284
32592
37089
39229
3734
11626
31127
314
18312
56893
2399
26156
3328
11324
3426
32329
45389
25230
30313
226
54601
57535
22990
9970
7628
28298
55524
36782
26914
15976
32804
62729
11952
23453
37741
54959
36190
47674
26654
5661
52675
3790
22816
11537
61511
26304
43776
32200
5342
59485
64518
48831
64871
10987
42743
63283
3366
33492
33377
57796
37443
50363
52270
3746
9875
7652
31896
9:gettext_quote
22282
30752
31238
23534
18613
20057
11603
35444
19553
3:quotearg_alloc_mem
23348
4291
29133
12:quotearg_free
3056
24279
61494
42941
39031
42699
9321
31118
40514
763
22585
63889
14:quotearg_n_options
11763
31527
4131
20516
32176
15231
5481
35125
51222
49441
22453
9118
15488
40017
2:quoting_options_from_style
1782
20825
25:version_etc_arn
24156
30749
14530
29761
30706
4348
22303
1880
15812
16261
5552
32118
28026
13952
22901
64347
23509
12013
10862
32260
44936
36753
14437
59279
47744
3:version_etc_ar
57612
33355
37763
43:version_etc_va
36239
38783
14994
3955
3858
18282
16705
22694
15315
2077
39127
33451
35701
45457
37007
58695
64148
48278
24434
30601
843
21180
9865
18409
23353
18722
60657
51398
14402
22585
4393
28537
42208
22592
14802
32611
5121
2177
41058
49824
23783
13984
19948
2:xnmalloc
18518
25832
2:xmalloc
33041
55512
2:xnrealloc
48447
64146
5:xrealloc
44490
60784
20239
53120
52858
8:x2nrealloc
23546
13537
19327
25833
55927
38275
33952
56291
2:xcalloc
16361
28082
67:xstrtoumax
40926
41738
7286
14388
29355
33653
55395
9031
31171
19018
19910
53395
59901
44375
39739
43212
65347
40678
54182
59364
7212
1887
56913
52653
61464
41748
36636
17420
4402
22135
18032
32210
23158
23158
49087
61686
53132
53285
51418
44479
62579
64960
64960
42398
42398
58178
58178
46876
45519
45519
38430
37561
34713
39936
44542
54445
51147
30583
64207
21107
24533
4215
6457
13176
52025
10821
38332
6:bkm_scale_by_power
57106
60078
39962
53317
44022
29402
73:rpl_fclose
50246
61813
30149
18838
9201
7258
5142
33498
47701
43724
33237
58827
64998
40606
22179
61526
35768
51074
54527
8994
3789
24502
47632
39898
14636
18172
28778
21338
1207
27035
34888
53780
41185
56044
28244
57860
45229
47042
38594
13201
25646
252
34551
47290
28958
22395
27698
37909
46559
49996
36406
41524
52207
60008
45676
52953
40560
4348
4332
45502
65379
36315
17160
35065
39442
25868
22138
16602
21992
15296
4516
13887
20248
51:rpl_fflush
38279
47449
16107
14152
30366
27063
27487
17071
31997
15841
534
26613
14667
18084
61619
42223
20189
16052
38412
17744
31468
23863
26538
6355
22378
1609
32808
42817
1287
17927
11807
36242
59512
14408
64274
37660
14865
275
53518
34344
53449
27055
3810
41760
24840
10188
62948
53989
24428
21330
7108
3:clear_ungetc_buffer_preserving_position
7508
31757
32466
10:rpl_fseeko
16408
22676
23467
2903
40646
39863
15629
16371
10577
14319
10:c_strcasecmp
56558
40268
5708
27885
16658
37052
52202
53476
3598
28466
78:close_stream
60789
60660
49431
52552
52810
59035
43936
7218
9632
49110
43896
35488
10205
3601
19873
27224
1836
22643
30900
41565
40782
38823
30629
11398
15700
44919
42663
62495
59852
64109
37723
60063
50672
61245
7349
6230
29380
28545
15301
61152
14906
6634
34108
38572
53516
45594
53224
49554
48972
17576
39258
55194
17479
22694
50471
54161
42565
26322
13324
57252
15640
9328
33224
48335
36382
55883
62223
54391
48832
60488
6284
16177
7719
8649
59908
20828
32309
51979
13:locale_charset
40955
55434
23361
20786
9288
2732
21327
58869
49010
54513
29071
3893
39819
53:get_charset_aliases
39276
40812
65276
36556
30198
20355
45026
59005
47581
9173
50459
60180
13898
19373
24222
42321
17605
31738
20330
30337
43459
41048
33929
40424
64187
62870
62870
62870
47605
5959
43484
49468
45404
57327
35351
38575
10503
19678
49764
2518
52182
44872
37731
8211
60592
23007
22370
28413
20188
5518
63349
21347
6975
2:c_isalnum
61214
53703
2:c_ispunct
62531
51324
2:c_isspace
6796
3044
2:c_isxdigit
14918
32292
