58
3:lava_get
55461
64823
59338
4:usage
15940
15429
60919
59892
5:emit_ancillary_info
17969
24103
43167
63183
9235
76:main
62175
7189
16440
32395
26687
3708
2345
2345
2345
2345
2345
2345
2345
2345
2345
2345
11946
7902
12919
4806
19045
7086
19092
8494
6368
18968
24668
27901
35926
45584
32663
29833
52052
28701
24738
12001
30171
59319
58065
15
8311
3008
46090
10789
27382
59991
20426
27633
11109
4698
23961
12263
32617
61971
8064
24750
20270
33674
64247
18446
129
63440
10609
46839
5473
46868
24673
5117
13396
3046
40821
37302
36159
42713
77
24855
3:size_opt
6221
8153
51687
128:check_file
16289
29133
46688
62153
59203
23863
9269
37581
51581
35864
22762
31297
40050
48486
41754
57950
62356
45601
31066
15268
9552
4394
38103
58647
40244
23612
18913
29130
4228
15167
33146
61132
44964
34723
22734
4512
18075
36118
53709
32698
62851
43972
52440
2556
3266
40033
37247
14845
9153
49660
54094
51940
42432
42432
24227
3612
32972
53274
32902
4318
38654
61343
61343
59199
55369
27408
41845
44456
13184
27250
35811
14293
21084
30299
8033
20976
1400
32180
11452
4133
32091
289
62981
55279
39150
49276
20038
27451
12436
40240
42246
15012
38404
27155
22073
48463
60429
31649
53530
59507
38540
13713
945
11476
12233
60766
38540
29743
51893
47157
53501
10057
1389
89
12146
7836
24928
12396
2628
6563
46120
63819
59395
14681
3544
29130
21649
6344
22:find_field
10690
24249
9203
4292
30717
1620
50625
57963
16935
60314
47647
64390
15664
20563
45104
45118
56486
63706
47836
15197
30467
54807
11:different
57502
52396
11200
18888
25535
988
14888
61607
56210
33615
5652
14:writeline
43748
36336
6650
3080
25711
9434
4277
1351
37343
33837
59540
50563
36575
57137
27:argmatch
38255
47217
42436
45670
15669
25964
4241
8362
24808
6339
19244
15131
19830
59237
41486
24931
23076
50500
34476
23472
32853
58198
36202
18828
64413
43794
53052
12:argmatch_valid
5351
12433
58787
19844
24791
6325
25953
7239
59375
7594
16871
41163
3:__xargmatch_internal
6118
7922
44067
8:argmatch_to_argument
36288
35308
343
6706
25597
41663
34614
16849
12:close_stdout
11244
4564
66
4093
47573
63394
49562
45420
16241
56989
3335
27997
3:fadvise
19251
13536
22037
31:freopen_safer
16032
20967
7735
24238
2531
39100
14411
28531
59541
63329
10980
2364
46423
50850
57641
43654
20969
12755
42637
2614
26076
3198
61651
39166
26233
57733
35067
10164
36861
36193
30730
5:protect_fd
47918
36136
3520
15941
13635
7:hard_locale
3012
27067
14355
29160
17226
21858
50837
39:readlinebuffer_delim
53292
56246
36640
30911
12299
64581
40727
25153
17304
45098
45702
12400
17473
28724
13662
4225
41310
56058
8192
18877
48885
20343
27988
20160
6604
23946
53721
52044
41063
56591
59428
20750
9720
41486
10043
41281
46970
22191
48103
8:memcasecmp
42290
41343
58795
22964
3291
4179
32158
57551
5:posix2_version
18566
13482
15133
23391
960
9:set_program_name
30266
25894
24968
14413
63024
57177
21168
15873
46512
2:set_custom_quoting
40393
33238
375:quotearg_buffer_restyled
15122
10840
3667
14318
11077
20572
5719
29921
5184
5184
26877
28696
8427
62071
38820
38967
22466
56012
47779
8762
12776
36205
16039
21517
23653
50001
59311
15170
36297
4323
45901
40181
3297
6395
31652
27335
6545
63274
33434
35834
35961
24731
26392
60358
62385
23455
7153
25148
34334
64698
47785
53710
1883
6528
17266
18393
2316
13486
15026
26409
16359
16800
27584
32536
32536
16899
16899
23592
23592
23592
23592
23592
23592
23592
23592
23592
23592
23592
23592
23592
23592
23592
23592
5585
24034
24034
24034
24034
24034
24034
24034
24034
24034
24034
24034
24034
24034
24034
24034
24034
24034
24034
24034
24034
24034
24034
24034
24034
24034
24034
24034
24034
24034
24034
24034
24034
24034
24034
24034
24034
24034
24034
24034
24034
24034
24034
24034
24034
24034
24034
24034
24034
24034
24034
24034
24034
24034
24034
24034
24034
24034
24034
24034
24034
24034
24034
24034
24034
24034
24034
24034
24034
24034
24034
24034
48487
35890
56610
38921
6855
14566
30464
26427
27414
52120
50150
58549
63607
46945
33581
62488
61322
18474
57146
40586
17606
1014
7337
63367
36578
51513
42654
46495
42664
7741
24457
64142
58385
58385
58385
58385
58385
58385
58385
58385
58385
32562
15804
10866
11449
5098
3345
6098
12554
24120
30081
49386
61589
40371
21416
55781
51713
45380
27424
55996
23385
12095
29426
44412
52770
19455
4461
15995
14654
32054
1107
29628
2777
17956
16193
31347
790
45861
59777
61098
46539
21543
20007
55741
58207
38661
35523
6762
13859
50713
50094
58017
32978
3582
59870
38500
8070
48767
42601
30775
19008
36683
40576
46880
63104
50319
55902
55902
55902
55902
55902
36879
40973
22203
16819
33422
47811
46689
61679
37880
55224
45081
34919
62969
350
28510
18397
10547
2459
6201
29828
16717
17617
19849
30804
32590
30194
11028
45068
3789
27863
25452
10502
49725
60540
23708
14637
24222
9322
34969
49699
24602
44112
56626
28492
57160
56730
30747
28906
966
16532
31941
10607
10741
11472
30297
26284
36092
52000
49695
7697
38063
33382
52419
33795
33685
4958
6191
9498
44164
33147
64272
55023
39503
42684
49584
64835
3623
3166
40674
46697
25129
12309
47128
46499
9779
18823
26979
60957
4268
53818
44836
10995
16453
27977
28885
47470
38279
61732
14157
52016
63901
43418
37230
51509
39842
38501
62078
51901
52072
9:gettext_quote
2623
30392
43235
55022
42548
7206
29521
36682
20900
3:quotearg_alloc_mem
18533
14665
34143
12:quotearg_free
44490
42263
35416
49593
62705
34309
56046
36552
43746
28939
26867
42419
14:quotearg_n_options
20465
17771
1565
11195
27618
10153
53813
20865
29354
21809
7277
19722
59335
20000
2:quoting_options_from_style
55674
43788
25:version_etc_arn
28409
21300
37217
60154
2066
2667
22201
9932
19178
15277
7621
30081
5099
32353
13729
14906
56017
668
57362
44227
31818
45214
27531
64522
34668
3:version_etc_ar
28929
25623
22772
43:version_etc_va
60863
52079
36116
49332
5930
20774
56398
45062
34755
24402
55034
50688
25351
3805
49823
6443
4249
14389
22118
8393
30603
39636
84
10127
4253
13709
3817
17608
56379
37759
47153
45655
51959
56891
3984
6398
19932
22025
21674
8468
34940
62167
38487
2:xnmalloc
21955
11989
2:xmalloc
11497
8211
2:xnrealloc
19292
17209
5:xrealloc
12343
20207
47540
3811
17413
8:x2nrealloc
28934
25377
42253
58176
19636
44942
64015
4398
10:x2realloc
33454
48896
5665
18962
12622
49458
52765
20312
24779
32404
2:xcalloc
53767
36115
3:xmemcoll
12077
22074
33402
3:xmemcoll0
2786
10767
57232
67:xstrtoul
16934
16604
42026
2862
30315
60685
37928
22459
6699
14081
24792
31725
6666
6033
12254
56076
44064
39165
38166
37614
55252
49704
62
22599
13263
39289
36687
11830
23193
27658
20543
22003
18676
18676
13952
3215
23875
15966
30203
29340
25809
25537
25537
23865
23865
8752
8752
23078
4666
4666
25694
30405
958
29714
58201
49421
53037
45789
19663
48354
11482
49171
58660
4050
42350
35152
13149
6:bkm_scale_by_power
14806
8827
3300
44110
57981
4859
65:rpl_fclose
53206
52318
54756
38672
36864
10927
881
1948
14288
25709
28761
5005
24235
12705
62984
29927
1590
40302
22940
7205
34689
33056
42128
57257
53994
7239
932
21054
29513
19598
25593
15523
1660
16690
65414
28998
9283
56310
53323
31297
11563
20491
22347
27522
37314
58752
54311
40300
55397
58650
60950
62604
48101
43669
9517
28186
37271
6283
12430
30311
7731
12088
65425
51869
22410
48:rpl_fflush
17995
1013
22596
22765
42723
35699
5750
14950
24902
26989
16859
38933
35172
55304
56804
37311
38448
56877
36845
45328
8490
29221
17703
16840
19039
9306
22998
6550
3088
31616
64257
28563
14269
10409
10542
39282
34554
54821
7755
15099
39749
60782
62966
41674
42847
2892
3801
38511
3:clear_ungetc_buffer_preserving_position
41169
61196
60453
10:rpl_fseeko
52837
62201
29684
21756
12505
25556
60241
36507
18370
19787
10:c_strcasecmp
56926
60493
9999
62206
55342
50422
32826
45460
40428
39806
23:close_stream
53657
63308
19026
8224
28042
55514
50549
8430
30428
19842
61854
35656
9410
28763
34295
18371
10453
52231
38035
50873
4651
11564
2462
13:locale_charset
35731
60195
26978
18749
14893
47309
63919
50463
62163
28732
8920
30564
47675
53:get_charset_aliases
50003
38977
50447
54059
22486
13187
8139
49522
53444
52793
44122
43007
6631
15501
16095
29706
64090
45854
4273
19884
16418
55825
4
35388
62045
59471
59471
59471
65067
41164
61860
22226
4221
24406
32092
27794
63312
40569
60753
16131
30955
19698
59357
45031
54932
33284
45249
50932
47930
59487
4885
50006
6486
6:memcoll
11365
6378
13855
1284
17187
9492
9:strcoll_loop
37513
33665
63735
65375
54106
14057
29402
1303
2900
6:memcoll0
28921
18235
49574
33801
10713
41607
2:c_isalnum
30656
19450
2:c_ispunct
10817
20427
2:c_isspace
56327
41500
2:c_isxdigit
28202
5077
