50
3:lava_get
33070
44219
33056
4:usage
40802
53804
54403
19998
5:emit_ancillary_info
13788
30482
50685
43022
39815
79:main
31692
33154
43327
43568
50849
41179
63478
35969
38684
44203
60660
38095
52440
5925
56272
30090
33637
46175
49968
17294
64541
51527
54307
34078
58379
15396
16295
15780
26233
13837
18512
18449
4583
24223
6314
48892
37936
43871
34288
33340
3068
25604
21243
40775
22453
14772
31990
17207
9621
30754
48314
23041
8333
36199
51278
4560
57268
1277
31072
44259
19204
7615
31493
26743
28016
15739
34331
55282
15135
60927
9677
9403
36963
27157
10862
7744
47096
48399
49340
269:digest_check
36669
44461
42604
60990
58188
59207
33295
60254
43516
9239
50974
53445
9266
14612
4515
3417
13809
25758
32516
7580
28576
31825
47457
37259
47695
55314
53472
34664
35642
57565
26522
30517
41211
51688
48094
48415
38819
29646
22110
12887
32670
23899
38217
52419
43181
15391
2503
49434
58783
47940
50755
48661
930
41887
51423
54333
59485
16093
6851
5936
47257
32973
39722
35336
54084
64391
22467
20892
7150
2439
53135
58451
52273
38522
35688
47035
56675
38603
60362
29316
30392
26305
27968
25912
27220
16000
62242
51366
24847
31901
1255
22876
29085
33128
53940
34966
25167
24436
60209
42398
40439
48382
49239
45189
28065
22255
21457
30443
118
10727
11374
58686
59378
60641
40613
40849
29558
27637
27036
17569
10597
42846
8117
2733
62272
42862
39180
10132
4367
4604
58013
53848
19230
7175
9361
12998
47623
49836
50646
25680
262
4082
53877
58006
40422
33754
57884
34816
43941
25474
32227
15017
25112
4562
19818
15472
56292
31054
1305
222
6870
57976
36551
54706
35186
41548
5287
12280
13639
49347
56593
59503
55305
32949
32502
11459
40378
11785
29084
48784
33062
15885
9455
14636
54391
62598
52993
58311
40393
50578
60975
4659
132
11801
54821
35744
54939
8062
399
51010
35966
53410
44393
57947
45511
28222
1306
12116
38967
63916
36778
32685
2536
58852
17612
24973
33935
33042
58943
59247
39995
64428
4019
23971
10794
428
36502
62081
53187
18795
26245
48643
64455
62641
32569
4052
3295
48217
36910
28708
12948
3536
27207
22302
60887
57204
54835
59220
42077
44046
58184
63588
24548
11174
57057
65482
54376
37779
51798
16716
7087
37656
19666
52555
60400
11070
26331
24388
24160
24:digest_file
21967
9008
38348
9811
30770
28570
15683
37021
1630
51491
32859
35154
59706
31691
44215
64472
29694
7359
48700
56609
42414
37281
58581
35415
15:print_filename
44321
38924
39142
61015
22055
62141
47273
53898
53763
39875
39632
20357
16983
2745
25377
32:split_3
45978
36767
32777
32777
54729
29209
52412
30736
33181
39134
24382
18126
4282
9051
3281
53864
35701
35701
24270
28082
18718
29691
29691
20078
16460
39682
12702
18386
32682
38872
39177
37086
12:hex_digits
58970
57317
59172
25499
10946
21898
11424
7143
45244
45454
26429
23375
27:bsd_split_3
55814
54352
13030
50322
41387
35251
55062
5274
14474
19551
41308
56427
4222
23246
62849
8805
25621
25621
2675
40378
10350
43332
43026
43026
32025
2365
47902
19:filename_unescape
31966
5971
7850
20054
786
22233
829
30922
24388
16928
18379
35565
59021
40160
44307
64795
60167
25090
62756
12:close_stdout
62655
64013
60644
47871
30416
28658
63846
32939
1974
62508
34713
58105
20:md5_read_ctx
15624
2049
35153
61336
34186
25917
1468
65142
33864
17738
33369
63613
4303
28504
39696
2286
247
49535
42142
46252
5:set_uint32
61694
59742
65007
63581
51997
13:md5_finish_ctx
51612
46925
14379
63783
50795
65249
33823
64135
17636
27216
36530
64007
42862
6:md5_process_block
25299
15910
16386
32735
28094
6150
29:md5_stream
29519
1487
7919
5986
53452
45392
41547
9598
63535
28100
9715
50718
42714
59274
33500
29273
26437
16694
30977
24351
36305
41271
34174
52751
39434
64158
27772
42477
33210
28:md5_process_bytes
23130
32243
29652
12494
15175
56324
27938
30058
55741
45786
38259
64310
28457
50790
56339
13537
54918
47984
51310
37565
49865
1455
5359
46087
44595
32815
61767
56477
21:fadvise
52278
49742
41717
48456
43529
62691
52121
24766
19327
6875
25299
13649
64868
59538
42690
63459
51086
25248
23447
15181
5975
28:fopen_safer
27924
9412
18850
34775
58425
64416
41545
26004
42110
54159
14334
33828
63608
57626
47469
58021
60320
23374
23337
26036
12109
1273
57367
40989
46270
4435
4754
15317
9:set_program_name
49584
45016
44899
64478
49557
37729
48098
40947
29241
2:set_custom_quoting
6588
24084
375:quotearg_buffer_restyled
39301
59246
39637
40778
65329
46792
51659
35205
38222
38222
32035
56692
34389
15145
4218
56269
36780
62851
63680
32691
28625
32551
19597
18134
35666
53371
62332
22167
15616
8297
40497
56943
3543
32270
27352
19869
42014
62249
49234
44009
37805
52510
62810
63347
37267
40450
55725
28094
39334
48128
9319
10085
6386
28229
19443
22732
25275
32752
4483
3742
2259
12262
18923
31924
31924
31005
31005
22947
22947
22947
22947
22947
22947
22947
22947
22947
22947
22947
22947
22947
22947
22947
22947
25842
31269
31269
31269
31269
31269
31269
31269
31269
31269
31269
31269
31269
31269
31269
31269
31269
31269
31269
31269
31269
31269
31269
31269
31269
31269
31269
31269
31269
31269
31269
31269
31269
31269
31269
31269
31269
31269
31269
31269
31269
31269
31269
31269
31269
31269
31269
31269
31269
31269
31269
31269
31269
31269
31269
31269
31269
31269
31269
31269
31269
31269
31269
31269
31269
31269
31269
31269
31269
31269
31269
31269
1705
5107
53740
47762
33001
39552
13327
21505
31980
44601
54612
27309
10658
61065
19307
25212
9604
9911
39443
42536
13207
8075
14705
2051
7694
17911
17671
22831
20955
20115
16851
20155
10434
10434
10434
10434
10434
10434
10434
10434
10434
50131
35524
44956
35892
45348
52949
49407
45501
48015
55971
63084
5723
16550
1144
65258
17390
31096
53994
56945
55636
22872
23552
42399
37243
2786
2513
10462
30420
48054
44475
1954
4527
22090
16455
5942
315
27559
28052
5149
19025
59750
45705
29111
37003
55370
30094
48950
36585
14494
24022
38305
35465
3034
29771
32381
29907
25712
6485
57759
12357
60829
36865
63822
39112
1145
7103
7103
7103
7103
7103
27761
29270
10684
4577
13307
12207
9422
16348
49260
52775
37695
35486
64258
29161
19902
32478
2121
7397
26035
17584
8935
38971
41405
13610
20366
48128
59316
62911
13488
11396
42128
59182
33995
57212
2366
48704
57644
46230
59323
46923
60719
1128
2661
39721
34127
53856
54938
29194
9826
31585
17953
32714
16394
9631
42659
50877
17909
9064
4524
50039
35369
38023
2698
20236
37950
27834
7255
19459
14439
8851
33339
39119
40605
61288
43892
55937
20055
30753
15252
497
6071
7359
45856
9815
47783
38497
9565
18293
29305
61608
50050
1024
963
45119
58210
9847
64401
50725
52554
60564
36384
1083
36289
55149
45980
19196
16475
19382
3395
9:gettext_quote
18196
22990
56818
49593
44541
52946
48294
27741
34996
3:quotearg_alloc_mem
63292
40960
48682
12:quotearg_free
35098
43047
21901
57697
32845
22643
19293
3440
35013
25420
18004
59099
14:quotearg_n_options
32340
4821
37547
54846
19836
2518
24897
56416
35680
38909
45799
62498
63631
2664
2:quoting_options_from_style
54567
63998
25:version_etc_arn
9517
32595
58485
20616
41996
58463
49199
44198
45408
60875
60529
46103
55398
52987
62102
22723
33232
47708
779
127
45234
26705
17771
15792
36996
3:version_etc_ar
4436
38258
47794
43:version_etc_va
14638
24810
9062
37102
45304
45474
6756
17132
3300
48629
6583
21680
50500
42615
38125
21130
55587
62484
21220
15782
3237
53793
34676
63549
44244
43418
7871
5154
24647
22820
1996
27424
62322
10922
32865
40917
21175
32175
13295
13500
25465
25704
25596
2:xnmalloc
9301
258
2:xmalloc
7753
31443
2:xnrealloc
46265
34528
5:xrealloc
16872
16895
27893
15058
27867
8:x2nrealloc
11820
16463
41709
48295
59691
9786
16412
22792
2:xcalloc
25618
26136
26:rpl_fclose
63542
47025
9921
12830
44305
42697
43197
60754
35896
56217
52762
47562
42676
40635
28955
19596
31414
48105
42099
46653
26416
5720
11360
52913
62840
33899
28:rpl_fcntl
10541
24429
37010
43487
18246
13788
59243
43314
54956
62030
38679
49283
26809
9839
44759
28046
61184
34994
35479
40765
20793
20214
26019
19277
18146
27936
30335
4089
36:rpl_fflush
32732
19478
14632
13115
21683
26542
9879
5763
28856
81
21601
35251
39468
12877
7021
10013
32691
19613
13437
10230
1538
36784
59289
42097
20658
3734
42458
57545
23680
47803
8290
23555
6519
7735
59124
37337
3:clear_ungetc_buffer_preserving_position
62686
49946
49802
10:rpl_fseeko
61186
34213
23936
22753
39892
34668
54315
40958
47899
60762
10:c_strcasecmp
20914
3784
7285
55506
39182
58672
194
29466
28593
1210
38:close_stream
50840
40470
4221
19069
64352
29435
5574
51124
41736
28019
47646
58130
13356
32052
53037
25445
9073
40893
47753
15009
28408
13011
60111
55002
28300
29354
32384
41702
46899
44903
63441
49171
4302
12583
20819
32586
18502
31897
13:locale_charset
8059
17543
31239
51963
41530
40670
61324
40428
41681
21927
31504
6828
23830
53:get_charset_aliases
51948
34686
14161
2061
18648
3878
29087
43343
59437
34257
736
8758
5768
25390
37832
30852
11256
21521
8007
21829
35020
2803
44918
46539
50029
35448
35448
35448
47122
49854
35681
50470
61455
64170
43564
37436
65213
38254
44498
31348
40135
40913
3273
7390
37870
49290
4704
57126
12544
23881
25051
54920
20773
2:c_isalnum
23466
23244
2:c_ispunct
32284
714
2:c_isspace
21364
10110
2:c_isxdigit
13100
25068
